0 0 Car 0 1 2.618113 286.703158 187.113715 527.953102 292.563529 1.416544 1.474971 3.520100 -3.241406 1.675621 11.796207 2.354755 0
1 0 Car 0 1 2.631583 219.924597 185.942776 482.560839 299.357499 1.416544 1.474971 3.520100 -3.881913 1.642897 11.098660 2.301735 0
2 0 Car 0 1 2.646836 138.444465 187.587268 430.734967 312.470030 1.416544 1.474971 3.520100 -4.516514 1.654477 10.311271 2.242720 0
3 0 Car 0 1 2.693063 46.844795 186.618416 377.060349 324.182503 1.416544 1.474971 3.520100 -5.086139 1.624464 9.522954 2.213507 0
4 0 Car 0 0 2.728017 0.000000 189.068685 314.454345 341.820162 1.416544 1.474971 3.520100 -5.637172 1.641720 8.684239 2.165779 0
4 1 Car 1 0 3.044706 1216.377793 178.844886 1241.000000 222.455162 1.620588 1.715879 4.352635 25.307314 1.832670 26.687700 -2.485576 0
5 0 Car 1 0 2.757777 0.000000 195.343936 244.889552 350.938475 1.416544 1.474971 3.520100 -6.119655 1.702888 7.815429 2.109703 0
5 1 Car 1 1 3.082532 1179.670918 178.078467 1241.000000 221.589408 1.620588 1.715879 4.352635 24.424745 1.819946 27.428551 -2.478897 0
6 0 Car 1 0 2.795376 0.000000 192.929778 162.259517 346.552173 1.416544 1.474971 3.520100 -6.573138 1.646288 6.915062 2.054480 0
6 1 Car 0 1 3.120405 1143.113112 177.315573 1241.000000 220.746381 1.620588 1.715879 4.352635 23.542175 1.807221 28.169402 -2.472219 0
7 0 Car 1 0 2.826314 0.000000 198.354147 63.412266 350.060019 1.416544 1.474971 3.520100 -6.980149 1.677044 5.996869 1.987440 0
7 1 Car 0 1 -3.124923 1108.114386 176.555258 1241.000000 219.924904 1.620588 1.715879 4.352635 22.659605 1.794496 28.910252 -2.465541 0
8 1 Car 0 1 -3.060564 1076.795708 176.871710 1212.834693 219.420070 1.620588 1.715879 4.352635 21.872664 1.813028 29.641924 -2.430066 0
9 1 Car 0 1 -2.996402 1047.179649 177.222947 1179.542895 218.759266 1.620588 1.715879 4.352635 21.085723 1.831560 30.373596 -2.394591 0
10 1 Car 0 1 -2.967788 1017.014235 176.531130 1144.238677 216.930101 1.620588 1.715879 4.352635 20.213983 1.807155 31.144455 -2.396880 0
11 1 Car 0 1 -2.916478 989.160277 176.832951 1111.889234 216.147784 1.620588 1.715879 4.352635 19.426076 1.824503 31.984209 -2.375232 0
12 1 Car 0 1 -2.865658 962.794664 177.120058 1081.119070 215.406173 1.620588 1.715879 4.352635 18.638169 1.841850 32.823963 -2.353583 0
13 1 Car 0 1 -2.820707 939.115617 176.508500 1053.184516 213.779039 1.620588 1.715879 4.352635 17.912870 1.819080 33.662552 -2.335805 0
14 1 Car 0 2 -2.776322 916.621057 175.926363 1026.567307 212.234102 1.620588 1.715879 4.352635 17.187571 1.796309 34.501141 -2.318027 0
15 1 Car 0 2 -2.722276 895.501738 175.622174 1001.287387 210.987784 1.620588 1.715879 4.352635 16.492516 1.785661 35.387006 -2.289813 0
16 1 Car 0 1 -2.668895 875.486875 175.332773 977.154046 209.803253 1.620588 1.715879 4.352635 15.797460 1.775014 36.272872 -2.261600 0
17 1 Car 0 1 -2.616180 856.564871 175.050985 953.988138 208.606554 1.620588 1.715879 4.352635 15.128700 1.764258 37.224453 -2.233387 0
18 1 Car 0 1 -2.564220 838.645736 174.783312 931.904483 207.470730 1.620588 1.715879 4.352635 14.459939 1.753502 38.176034 -2.205173 0
19 1 Car 0 1 -2.515334 823.466680 174.528525 912.826785 206.412857 1.620588 1.715879 4.352635 13.885374 1.742675 39.102401 -2.176960 0
20 1 Car 0 1 -2.467113 809.039417 174.285676 894.571851 205.404909 1.620588 1.715879 4.352635 13.310809 1.731848 40.028767 -2.148747 0
21 1 Car 0 1 -2.419540 795.310384 174.053998 877.086942 204.443475 1.620588 1.715879 4.352635 12.736244 1.721021 40.955134 -2.120534 0
22 1 Car 0 1 -2.385598 782.124210 174.038126 860.472720 203.666103 1.620588 1.715879 4.352635 12.187659 1.721824 41.962346 -2.105264 0
23 1 Car 0 0 -2.352336 769.560590 174.023133 844.632718 202.926738 1.620588 1.715879 4.352635 11.639075 1.722627 42.969558 -2.089995 0
24 1 Car 0 0 -2.319729 757.576682 174.008959 829.513836 202.222666 1.620588 1.715879 4.352635 11.090490 1.723430 43.976769 -2.074725 0
25 1 Car 0 0 -2.289330 747.336965 173.993694 816.272465 201.515630 1.620588 1.715879 4.352635 10.629539 1.724205 45.036537 -2.059456 0
26 1 Car 0 0 -2.259521 737.571583 173.979259 803.636524 200.842450 1.620588 1.715879 4.352635 10.168588 1.724979 46.096305 -2.044187 0
27 1 Car 0 0 -2.230274 728.248534 173.965597 791.565222 200.200757 1.620588 1.715879 4.352635 9.707637 1.725753 47.156073 -2.028917 0
28 1 Car 0 0 -2.179845 720.613534 173.952640 780.428876 199.578190 1.620588 1.715879 4.352635 9.309125 1.726534 48.250877 -1.990822 0
29 1 Car 0 0 -2.129905 713.364354 173.940952 769.729316 198.983157 1.620588 1.715879 4.352635 8.910612 1.727315 49.345680 -1.952726 0
30 1 Car 0 0 -2.081016 706.920171 173.928867 759.863632 198.385555 1.620588 1.715879 4.352635 8.551539 1.728067 50.493052 -1.914630 0
31 1 Car 0 0 -2.032567 700.801476 173.917982 750.388988 197.814578 1.620588 1.715879 4.352635 8.192465 1.728819 51.640423 -1.876534 0
32 1 Car 0 0 -2.001258 695.608529 173.843684 742.618573 197.174224 1.620588 1.715879 4.352635 7.913545 1.725198 52.844942 -1.853840 0
33 1 Car 0 0 -1.970311 690.656167 173.772950 735.184673 196.563408 1.620588 1.715879 4.352635 7.634626 1.721577 54.049461 -1.831147 0
34 1 Car 0 0 -1.939703 685.928284 173.705548 728.065753 195.980143 1.620588 1.715879 4.352635 7.355706 1.717957 55.253980 -1.808453 0
35 1 Car 0 0 -1.909416 681.410147 173.641266 721.242115 195.422616 1.620588 1.715879 4.352635 7.076786 1.714336 56.458499 -1.785760 0
35 2 Car 2 0 -2.608913 1233.426372 218.483561 1241.000000 374.000000 1.416789 1.448982 3.201869 3.922303 1.627918 2.111724 -1.589472 0
36 1 Car 0 0 -1.880981 678.192323 173.579141 715.873131 194.885455 1.620588 1.715879 4.352635 6.889876 1.710664 57.670664 -1.763066 0
36 2 Car 2 0 -2.468846 1135.640577 209.868585 1241.000000 374.000000 1.416789 1.448982 3.201869 3.908824 1.626670 2.811056 -1.570796 0
37 1 Car 0 0 -1.852775 675.114422 173.519809 710.717463 194.371154 1.620588 1.715879 4.352635 6.702965 1.706991 58.882829 -1.740372 0
37 2 Car 1 0 -2.378196 1069.146253 204.596494 1241.000000 374.000000 1.416789 1.448982 3.201869 3.900785 1.627735 3.436928 -1.572132 0
38 1 Car 0 0 -1.824783 672.167660 173.463101 705.762597 193.878293 1.620588 1.715879 4.352635 6.516055 1.703319 60.094994 -1.717679 0
38 2 Car 1 0 -2.290127 1009.984960 200.481567 1241.000000 374.000000 1.416789 1.448982 3.201869 3.882191 1.628690 4.147320 -1.573467 0
39 1 Car 0 0 -1.813485 669.258963 173.404874 701.630127 193.381231 1.620588 1.715879 4.352635 6.357942 1.699534 61.365364 -1.711110 0
39 2 Car 1 0 -2.221200 958.045664 197.207671 1241.000000 374.000000 1.416789 1.448982 3.201869 3.868887 1.629430 4.944765 -1.586768 0
40 1 Car 0 0 -1.802373 666.465810 173.349090 697.669169 192.905123 1.620588 1.715879 4.352635 6.199829 1.695750 62.635733 -1.704541 0
40 2 Car 1 0 -2.166843 917.279189 194.650221 1241.000000 374.000000 1.416789 1.448982 3.201869 3.855584 1.630170 5.742210 -1.600069 0
41 1 Car 0 0 -1.791438 663.781470 173.295599 693.869242 192.448674 1.620588 1.715879 4.352635 6.041717 1.691965 63.906102 -1.697973 0
41 2 Car 0 0 -2.105346 884.515044 192.531463 1241.000000 374.000000 1.416789 1.448982 3.201869 3.832661 1.630964 6.565524 -1.597415 0
41 7 Car 2 0 -2.425169 1224.728987 191.087590 1241.000000 319.895792 1.432353 1.477831 3.251003 7.742322 1.617975 6.609538 -1.583417 0
42 1 Car 0 0 -1.772322 661.932189 173.284196 690.535057 192.012076 1.620588 1.715879 4.352635 5.943409 1.691654 65.307598 -1.682331 0
42 2 Car 0 0 -2.053574 857.767978 190.798486 1184.932361 374.000000 1.416789 1.448982 3.201869 3.809738 1.631758 7.388839 -1.594762 0
42 7 Car 2 0 -2.378513 1177.798576 189.164970 1241.000000 319.286946 1.432353 1.477831 3.251003 7.730744 1.617501 7.275584 -1.583464 0
43 1 Car 0 0 -1.753350 660.162348 173.273369 687.340093 191.594476 1.620588 1.715879 4.352635 5.845100 1.691342 66.709094 -1.666690 0
43 2 Car 0 0 -2.009487 835.519948 189.354718 1110.702748 350.268222 1.416789 1.448982 3.201869 3.786816 1.632553 8.212153 -1.592109 0
43 7 Car 1 0 -2.327915 1132.755533 187.377820 1241.000000 318.724917 1.432353 1.477831 3.251003 7.714603 1.617690 8.023928 -1.581032 0
44 1 Car 0 0 -1.734512 658.467016 173.263080 684.275742 191.194660 1.620588 1.715879 4.352635 5.746792 1.691031 68.110591 -1.651048 0
44 2 Car 0 0 -1.970680 816.211632 188.111099 1051.659218 330.331451 1.416789 1.448982 3.201869 3.760373 1.633316 9.049554 -1.589455 0
44 7 Car 1 0 -2.281678 1094.205402 186.334631 1241.000000 318.236877 1.432353 1.477831 3.251003 7.698462 1.617878 8.772272 -1.578600 0
45 1 Car 0 0 -1.715800 656.841657 173.253298 681.334104 190.811519 1.620588 1.715879 4.352635 5.648484 1.690720 69.512087 -1.635407 0
45 2 Car 0 0 -1.936993 799.724092 187.047944 1004.499374 314.437169 1.416789 1.448982 3.201869 3.733930 1.634079 9.886955 -1.586802 0
45 7 Car 0 0 -2.239382 1060.838704 185.441694 1241.000000 317.823008 1.432353 1.477831 3.251003 7.682322 1.618066 9.520616 -1.576167 0
46 1 Car 0 0 -1.697209 655.282087 173.243990 678.507909 190.444033 1.620588 1.715879 4.352635 5.550176 1.690409 70.913583 -1.619765 0
46 2 Car 0 0 -1.907459 785.481331 186.128630 965.963412 301.469041 1.416789 1.448982 3.201869 3.707488 1.634842 10.724357 -1.584149 0
46 7 Car 0 0 -2.205739 1027.950653 184.562764 1241.000000 305.733546 1.432353 1.477831 3.251003 7.670593 1.618063 10.364043 -1.582824 0
47 2 Car 0 0 -1.885830 773.201866 185.646041 934.534443 290.926402 1.416789 1.448982 3.201869 3.693871 1.641759 11.581402 -1.585484 0
47 7 Car 0 0 -2.176054 999.362769 183.799785 1241.000000 294.077518 1.432353 1.477831 3.251003 7.658864 1.618059 11.207469 -1.589482 0
48 2 Car 0 0 -1.867025 762.419363 185.222318 908.075306 282.050668 1.416789 1.448982 3.201869 3.680255 1.648676 12.438446 -1.586819 0
48 7 Car 0 0 -2.136982 973.548508 183.112387 1191.753539 283.625184 1.432353 1.477831 3.251003 7.651100 1.618735 12.112705 -1.585268 0
49 2 Car 0 0 -1.848266 751.548700 184.142258 882.792179 272.888688 1.416789 1.448982 3.201869 3.657011 1.642421 13.385840 -1.588154 0
49 7 Car 0 0 -2.101394 950.936346 182.509560 1144.775989 274.839849 1.432353 1.477831 3.251003 7.643336 1.619411 13.017940 -1.581054 0
50 2 Car 0 0 -1.831933 741.969118 183.190512 861.270578 265.089916 1.416789 1.448982 3.201869 3.633766 1.636167 14.333233 -1.589490 0
50 7 Car 0 0 -2.068847 930.965384 181.976602 1104.684101 267.352175 1.432353 1.477831 3.251003 7.635573 1.620088 13.923176 -1.576840 0
51 2 Car 0 0 -1.817621 733.463512 182.345497 842.729171 258.371172 1.416789 1.448982 3.201869 3.610522 1.629912 15.280626 -1.590825 0
51 7 Car 0 0 -2.041852 912.058390 181.485930 1068.849909 260.709367 1.432353 1.477831 3.251003 7.619458 1.620681 14.857715 -1.576739 0
52 2 Car 0 0 -1.805076 726.066192 183.146603 826.413522 254.123195 1.416789 1.448982 3.201869 3.602378 1.663071 16.290115 -1.592160 0
52 7 Car 0 0 -2.017361 895.178893 181.047840 1037.740724 254.943127 1.432353 1.477831 3.251003 7.603343 1.621274 15.792255 -1.576637 0
53 2 Car 0 0 -1.791999 718.095857 182.349865 810.277231 248.394915 1.416789 1.448982 3.201869 3.565725 1.657173 17.347348 -1.593495 0
53 7 Car 0 0 -1.995065 880.017361 180.654312 1010.479810 249.890689 1.432353 1.477831 3.251003 7.587229 1.621867 16.726795 -1.576535 0
53 8 Car 2 0 -2.445152 1207.848492 191.368861 1241.000000 321.810092 1.439736 1.558252 3.957146 7.770481 1.631612 6.458377 -1.590629 0
54 2 Car 0 0 -1.780482 710.967209 181.637267 796.170799 243.387409 1.416789 1.448982 3.201869 3.529072 1.651275 18.404581 -1.594830 0
54 7 Car 0 0 -1.979957 866.152061 180.262409 986.704731 245.388847 1.432353 1.477831 3.251003 7.577455 1.622473 17.672426 -1.581612 0
54 8 Car 1 0 -2.394962 1158.394180 188.871596 1241.000000 320.844071 1.439736 1.558252 3.957146 7.744805 1.625672 7.181305 -1.592747 0
55 2 Car 0 0 -1.770501 704.752212 180.981168 783.822031 238.848103 1.416789 1.448982 3.201869 3.502565 1.645310 19.494774 -1.596166 0
55 3 Car 2 0 -2.629778 1173.067260 236.844875 1241.000000 374.000000 1.377451 1.491847 3.318948 3.364921 1.654173 1.701831 -1.595728 0
55 7 Car 0 0 -1.966570 853.577727 179.872886 965.582502 241.386201 1.432353 1.477831 3.251003 7.567680 1.623079 18.618057 -1.586689 0
55 8 Car 1 0 -2.349272 1116.159486 186.889230 1241.000000 319.810937 1.439736 1.558252 3.957146 7.719129 1.619731 7.904232 -1.594866 0
56 2 Car 0 0 -1.761663 699.147562 180.354472 772.891123 234.830143 1.416789 1.448982 3.201869 3.476058 1.639345 20.584967 -1.597501 0
56 3 Car 1 0 -2.505397 1084.649085 225.806663 1241.000000 374.000000 1.377451 1.491847 3.318948 3.347980 1.653363 2.301272 -1.595747 0
56 7 Car 0 0 -1.951885 839.967424 179.516760 944.081699 237.758245 1.432353 1.477831 3.251003 7.498362 1.623599 19.575397 -1.591765 0
56 8 Car 1 0 -2.306100 1078.498490 185.484398 1241.000000 318.508825 1.439736 1.558252 3.957146 7.700758 1.613702 8.664910 -1.596985 0
57 2 Car 0 0 -1.751183 693.919606 179.927151 762.560151 231.297563 1.416789 1.448982 3.201869 3.448024 1.639297 21.730567 -1.596669 0
57 3 Car 1 0 -2.393141 1017.361788 217.432222 1241.000000 374.000000 1.377451 1.491847 3.318948 3.328337 1.652458 2.925466 -1.593033 0
57 7 Car 0 0 -1.941750 829.932531 179.172102 927.239758 234.281144 1.432353 1.477831 3.251003 7.522785 1.624043 20.598070 -1.596842 0
57 8 Car 1 1 -2.256210 1046.172506 185.468328 1241.000000 319.155776 1.439736 1.558252 3.957146 7.683010 1.627183 9.442475 -1.589079 0
58 2 Car 0 0 -1.741632 689.181331 179.545747 753.339995 228.145867 1.416789 1.448982 3.201869 3.419990 1.639248 22.876167 -1.595836 0
58 3 Car 1 0 -2.299068 966.249677 211.936683 1241.000000 374.000000 1.377451 1.491847 3.318948 3.308694 1.651552 3.549660 -1.590320 0
58 7 Car 0 0 -1.927291 819.248328 178.892433 910.056954 231.202896 1.432353 1.477831 3.251003 7.491003 1.625195 21.613042 -1.598510 0
58 8 Car 0 1 -2.210193 1018.005852 185.454368 1241.000000 315.433634 1.439736 1.558252 3.957146 7.665262 1.640665 10.220039 -1.581173 0
59 2 Car 0 0 -1.732883 684.867018 179.203235 745.060637 225.316607 1.416789 1.448982 3.201869 3.391957 1.639200 24.021768 -1.595004 0
59 3 Car 1 0 -2.220191 926.106264 207.668609 1241.000000 374.000000 1.377451 1.491847 3.318948 3.289052 1.650646 4.173854 -1.587606 0
59 7 Car 0 0 -1.914105 809.457483 178.639778 894.534921 228.422072 1.432353 1.477831 3.251003 7.459220 1.626346 22.628014 -1.600178 0
59 8 Car 0 3 -2.193174 990.027641 183.482530 1241.000000 300.361451 1.439736 1.558252 3.957146 7.678129 1.619668 11.085979 -1.600530 0
60 2 Car 0 0 -1.724528 680.771103 178.874879 737.246633 222.614105 1.416789 1.448982 3.201869 3.365199 1.639109 25.237095 -1.594171 0
60 3 Car 1 0 -2.154384 888.355178 203.706428 1241.000000 374.000000 1.377451 1.491847 3.318948 3.272941 1.649544 4.900174 -1.594065 0
60 7 Car 0 0 -1.901671 800.193451 178.405821 880.073455 225.849096 1.432353 1.477831 3.251003 7.423743 1.627514 23.663323 -1.601846 0
60 8 Car 0 2 -2.179806 965.504570 181.759144 1230.892289 287.863705 1.439736 1.558252 3.957146 7.690995 1.598670 11.951919 -1.619888 0
61 2 Car 0 0 -1.716843 677.030266 178.578577 730.195877 220.176189 1.416789 1.448982 3.201869 3.338441 1.639019 26.452421 -1.593339 0
61 3 Car 1 0 -2.101562 858.090004 200.535261 1241.000000 374.000000 1.377451 1.491847 3.318948 3.256830 1.648443 5.626493 -1.600523 0
61 7 Car 0 0 -1.890296 791.657484 178.192849 866.909750 223.506962 1.432353 1.477831 3.251003 7.388265 1.628682 24.698633 -1.603514 0
61 8 Car 0 2 -2.165352 940.356162 181.799955 1178.548524 279.230136 1.439736 1.558252 3.957146 7.645434 1.610154 12.845686 -1.639245 0
62 2 Car 0 0 -1.713238 672.911990 178.458640 723.226825 217.993056 1.416789 1.448982 3.201869 3.297617 1.645018 27.750662 -1.596842 0
62 3 Car 0 0 -2.058837 833.285722 197.939717 1235.715468 374.000000 1.377451 1.491847 3.318948 3.240720 1.647341 6.352813 -1.606982 0
62 7 Car 0 0 -1.879870 783.767004 177.998159 854.876610 221.365936 1.432353 1.477831 3.251003 7.352788 1.629849 25.733942 -1.605182 0
62 8 Car 0 2 -2.154077 918.052609 181.836268 1134.208345 271.890349 1.439736 1.558252 3.957146 7.599873 1.621638 13.739454 -1.658602 0
63 2 Car 0 0 -1.710252 669.142183 178.350060 716.917459 216.016163 1.416789 1.448982 3.201869 3.256792 1.651017 29.048903 -1.600345 0
63 3 Car 0 0 -2.016481 811.693913 195.615893 1145.227766 374.000000 1.377451 1.491847 3.318948 3.223294 1.646096 7.135919 -1.608854 0
63 7 Car 0 0 -1.869522 775.991790 177.789123 843.014551 219.184106 1.432353 1.477831 3.251003 7.325351 1.630731 26.882505 -1.606850 0
63 8 Car 0 2 -2.142879 896.252517 181.821632 1092.575743 265.021830 1.439736 1.558252 3.957146 7.540479 1.632950 14.707236 -1.677960 0
64 2 Car 0 0 -1.707514 665.500819 178.109231 710.905198 214.015071 1.416789 1.448982 3.201869 3.211837 1.651698 30.395270 -1.603847 0
64 3 Car 0 0 -1.981273 793.631303 193.670880 1076.972598 361.979811 1.377451 1.491847 3.318948 3.205869 1.644851 7.919025 -1.610727 0
64 7 Car 0 0 -1.860081 768.818437 177.598261 832.184274 217.192059 1.432353 1.477831 3.251003 7.297914 1.631613 28.031068 -1.608518 0
64 8 Car 0 2 -2.110029 880.721388 181.094045 1057.986947 258.240454 1.439736 1.558252 3.957146 7.530124 1.627440 15.663392 -1.669947 0
65 2 Car 0 0 -1.705293 662.153262 177.889932 705.430319 212.192552 1.416789 1.448982 3.201869 3.166881 1.652379 31.741638 -1.607350 0
65 3 Car 0 0 -1.949338 777.074699 191.913315 1020.090258 339.502945 1.377451 1.491847 3.318948 3.183166 1.643476 8.754957 -1.612599 0
65 7 Car 0 1 -1.851448 762.179672 177.423302 822.256763 215.366065 1.432353 1.477831 3.251003 7.270476 1.632495 29.179632 -1.610186 0
65 8 Car 0 2 -2.079489 866.809735 180.297935 1027.847500 252.352050 1.439736 1.558252 3.957146 7.519769 1.621931 16.619548 -1.661934 0
66 2 Car 0 0 -1.703529 659.065355 177.689401 700.423828 210.525723 1.416789 1.448982 3.201869 3.121925 1.653060 33.088005 -1.610853 0
66 3 Car 0 0 -1.922498 762.977991 190.416227 975.163870 321.773482 1.377451 1.491847 3.318948 3.160463 1.642101 9.590889 -1.614472 0
66 7 Car 0 1 -1.841938 754.894257 177.250663 811.749371 213.594137 1.432353 1.477831 3.251003 7.206070 1.633298 30.391592 -1.611854 0
66 8 Car 0 2 -2.049908 851.599532 179.826609 997.177440 246.866563 1.439736 1.558252 3.957146 7.485011 1.622699 17.705975 -1.656603 0
67 2 Car 0 0 -1.701143 656.066805 177.525718 695.541156 208.949169 1.416789 1.448982 3.201869 3.073254 1.655110 34.503653 -1.613611 0
67 3 Car 0 0 -1.893650 750.572028 189.066612 936.559383 306.802201 1.377451 1.491847 3.318948 3.133828 1.640632 10.464747 -1.611560 0
67 7 Car 0 1 -1.833224 748.140006 177.091975 802.091413 211.965474 1.432353 1.477831 3.251003 7.141664 1.634101 31.603552 -1.613522 0
67 8 Car 0 2 -2.022671 837.993373 179.415613 970.433331 242.094101 1.439736 1.558252 3.957146 7.450253 1.623468 18.792403 -1.651272 0
68 2 Car 0 0 -1.699155 653.294411 177.375543 691.061335 207.502612 1.416789 1.448982 3.201869 3.024582 1.657159 35.919301 -1.616369 0
68 3 Car 0 0 -1.868388 739.840795 187.897459 904.882664 294.546898 1.377451 1.491847 3.318948 3.107192 1.639162 11.338606 -1.608648 0
68 4 Car 2 0 -2.764603 1237.876618 212.694785 1241.000000 371.643507 1.502941 1.617828 3.891248 3.731397 1.656453 1.380783 -1.616622 0
68 7 Car 0 1 -1.830596 741.513023 176.786806 793.121841 210.277223 1.432353 1.477831 3.251003 7.073860 1.628251 32.843315 -1.620825 0
68 8 Car 0 1 -1.997473 825.750347 179.054065 946.906532 237.904129 1.439736 1.558252 3.957146 7.415495 1.624236 19.878830 -1.645942 0
69 2 Car 0 0 -1.697520 650.723530 177.237269 686.936469 206.170610 1.416789 1.448982 3.201869 2.975911 1.659208 37.334949 -1.619126 0
69 3 Car 0 0 -1.845489 730.122837 186.865300 877.861299 284.244086 1.377451 1.491847 3.318948 3.075275 1.637662 12.220389 -1.605736 0
69 4 Car 2 0 -2.637709 1136.852973 205.261194 1241.000000 374.000000 1.502941 1.617828 3.891248 3.693466 1.655419 1.962237 -1.616617 0
69 7 Car 0 1 -1.829375 735.880605 176.502908 785.405501 208.702209 1.432353 1.477831 3.251003 7.034835 1.622372 34.096324 -1.628128 0
69 8 Car 0 2 -1.978175 813.982152 178.608188 925.480215 233.919473 1.439736 1.558252 3.957146 7.382141 1.622213 21.019544 -1.645458 0
70 2 Car 0 0 -1.695898 648.139072 177.001589 682.864980 204.791198 1.416789 1.448982 3.201869 2.919306 1.656003 38.804922 -1.621884 0
70 3 Car 0 0 -1.824862 721.596755 185.911152 854.466483 275.106294 1.377451 1.491847 3.318948 3.051286 1.636106 13.149712 -1.602824 0
70 4 Car 1 0 -2.511482 1058.741619 199.410582 1241.000000 374.000000 1.502941 1.617828 3.891248 3.676842 1.655112 2.620382 -1.612533 0
70 7 Car 0 2 -1.828726 730.629581 176.240185 778.263035 207.243856 1.432353 1.477831 3.251003 6.995811 1.616493 35.349333 -1.635431 0
70 8 Car 0 1 -1.960577 803.328743 178.212493 906.467180 230.386485 1.439736 1.558252 3.957146 7.348787 1.620189 22.160258 -1.644975 0
71 2 Car 0 0 -1.694591 645.736004 176.783828 679.102978 203.516604 1.416789 1.448982 3.201869 2.862702 1.652798 40.274895 -1.624642 0
71 3 Car 0 0 -1.806410 714.080832 185.069177 834.556327 267.340869 1.377451 1.491847 3.318948 3.027298 1.634550 14.079035 -1.599912 0
71 4 Car 1 0 -2.404200 1000.475589 195.375605 1241.000000 374.000000 1.502941 1.617828 3.891248 3.660218 1.654806 3.278528 -1.608448 0
71 7 Car 0 2 -1.827505 724.978915 175.986831 770.711870 205.808027 1.432353 1.477831 3.251003 6.930933 1.610518 36.686772 -1.642734 0
71 8 Car 0 1 -1.944180 793.558952 177.835467 889.005271 227.011045 1.439736 1.558252 3.957146 7.334459 1.618059 23.386542 -1.644491 0
72 2 Car 0 0 -1.688841 643.667058 176.591786 675.507557 202.315071 1.416789 1.448982 3.201869 2.811232 1.650312 41.789796 -1.622623 0
72 3 Car 0 0 -1.792661 707.185961 184.494268 817.305443 260.667390 1.377451 1.491847 3.318948 3.008099 1.637585 15.046518 -1.600070 0
72 4 Car 1 0 -2.306106 951.623837 192.602325 1241.000000 374.000000 1.502941 1.617828 3.891248 3.643599 1.654341 4.000570 -1.604364 0
72 7 Car 0 2 -1.826854 719.709194 175.752160 763.715930 204.477435 1.432353 1.477831 3.251003 6.866056 1.604543 38.024211 -1.650037 0
72 8 Car 0 1 -1.929215 784.692092 177.499136 873.429355 224.002236 1.439736 1.558252 3.957146 7.320131 1.615929 24.612826 -1.644008 0
73 2 Car 0 0 -1.683348 641.737976 176.413663 672.172744 201.200967 1.416789 1.448982 3.201869 2.759763 1.647826 43.304696 -1.620604 0
73 3 Car 0 0 -1.779218 700.236409 183.961404 801.158836 254.712438 1.377451 1.491847 3.318948 2.973058 1.640599 16.045699 -1.600228 0
73 4 Car 1 0 -2.224440 913.416945 190.423502 1241.000000 374.000000 1.502941 1.617828 3.891248 3.626981 1.653876 4.722613 -1.600280 0
73 7 Car 0 2 -1.813188 714.652859 175.578148 756.353077 203.262983 1.432353 1.477831 3.251003 6.779076 1.600832 39.387592 -1.644459 0
73 8 Car 0 1 -1.914283 775.868692 177.168690 858.165522 221.046918 1.439736 1.558252 3.957146 7.305817 1.613591 25.962718 -1.643525 0
74 2 Car 0 0 -1.678087 639.935044 176.248000 669.071189 200.165083 1.416789 1.448982 3.201869 2.708294 1.645340 44.819597 -1.618586 0
74 3 Car 0 0 -1.767286 694.029474 183.485360 787.106246 249.531796 1.377451 1.491847 3.318948 2.938017 1.643612 17.044879 -1.600386 0
74 4 Car 1 0 -2.156550 879.909026 188.567037 1241.000000 374.000000 1.502941 1.617828 3.891248 3.608169 1.653427 5.495108 -1.600985 0
74 7 Car 0 2 -1.800039 709.923875 175.416211 749.500150 202.133444 1.432353 1.477831 3.251003 6.692096 1.597122 40.750973 -1.638881 0
74 8 Car 0 1 -1.902046 767.553054 176.959024 844.618298 218.657611 1.439736 1.558252 3.957146 7.260095 1.613733 27.213748 -1.644607 0
75 2 Car 0 0 -1.672977 638.194090 176.096391 666.148709 199.223310 1.416789 1.448982 3.201869 2.651748 1.642849 46.293931 -1.616567 0
75 3 Car 0 0 -1.757456 689.102379 183.027901 775.300534 244.771926 1.377451 1.491847 3.318948 2.925870 1.646473 18.090716 -1.600544 0
75 4 Car 0 0 -2.100523 852.705093 187.058240 1241.000000 374.000000 1.502941 1.617828 3.891248 3.589356 1.652978 6.267604 -1.601689 0
75 7 Car 0 2 -1.787360 705.491481 175.265134 743.105911 201.080214 1.432353 1.477831 3.251003 6.605116 1.593411 42.114355 -1.633304 0
75 8 Car 0 1 -1.889975 759.336028 176.752266 831.470875 216.362869 1.439736 1.558252 3.957146 7.205578 1.613667 28.541200 -1.645689 0
76 2 Car 0 0 -1.668055 636.557316 175.954444 663.412478 198.341773 1.416789 1.448982 3.201869 2.595203 1.640358 47.768265 -1.614549 0
76 3 Car 0 0 -1.748674 684.670936 182.616373 764.905828 240.582270 1.377451 1.491847 3.318948 2.913723 1.649335 19.136553 -1.600702 0
76 4 Car 0 0 -2.052775 829.382199 185.734460 1238.188189 374.000000 1.502941 1.617828 3.891248 3.575111 1.652373 7.083457 -1.603165 0
76 7 Car 0 2 -1.775109 701.328654 175.123863 737.125767 200.095813 1.432353 1.477831 3.251003 6.518136 1.589701 43.477736 -1.627726 0
76 8 Car 0 1 -1.878985 751.804535 176.565146 819.572847 214.286847 1.439736 1.558252 3.957146 7.151060 1.613602 29.868652 -1.646772 0
77 2 Car 0 0 -1.663305 635.015645 175.821266 660.845238 197.514872 1.416789 1.448982 3.201869 2.538657 1.637867 49.242599 -1.612530 0
77 3 Car 0 0 -1.739347 679.852991 182.002808 754.576447 236.485401 1.377451 1.491847 3.318948 2.879892 1.645289 20.214717 -1.600673 0
77 4 Car 0 0 -2.013060 809.922936 184.629395 1151.413739 372.225679 1.502941 1.617828 3.891248 3.560866 1.651768 7.899311 -1.604640 0
77 7 Car 0 2 -1.763249 697.411557 174.991474 731.520721 199.173709 1.432353 1.477831 3.251003 6.431156 1.585990 44.841118 -1.622148 0
77 8 Car 0 1 -1.869769 745.452471 176.397407 809.437184 212.419744 1.439736 1.558252 3.957146 7.120311 1.613564 31.181836 -1.647854 0
78 2 Car 0 0 -1.658648 633.527101 175.692287 658.367821 196.710284 1.416789 1.448982 3.201869 2.481484 1.635336 50.772081 -1.610512 0
78 3 Car 0 0 -1.730928 675.487806 181.446788 745.380029 232.838925 1.377451 1.491847 3.318948 2.846061 1.641243 21.292881 -1.600643 0
78 4 Car 0 0 -1.974860 791.905659 183.623238 1079.506417 346.399468 1.502941 1.617828 3.891248 3.537501 1.651110 8.779061 -1.604574 0
78 7 Car 0 2 -1.751389 693.49446 174.85908 725.91567 198.25160 1.4323529 1.4778309 3.2510029 6.3441759 1.5822789 46.2045 -1.616569 1
78 8 Car 0 1 -1.861334 739.584689 176.244075 800.172478 210.713519 1.439736 1.558252 3.957146 7.089562 1.613526 32.495020 -1.648936 0
79 2 Car 0 0 -1.654144 632.123181 175.571075 656.039577 195.954302 1.416789 1.448982 3.201869 2.424311 1.632804 52.301563 -1.608493 0
79 3 Car 0 0 -1.723292 671.514427 180.940581 737.139862 229.572439 1.377451 1.491847 3.318948 2.812229 1.637198 22.371045 -1.600614 0
79 4 Car 0 0 -1.942529 776.622734 182.769048 1023.935343 326.482741 1.502941 1.617828 3.891248 3.514135 1.650451 9.658812 -1.604509 0
79 7 Car 0 2 -1.739529 689.57736 174.72669 720.31062 197.32950 1.4323529 1.4778309 3.2510029 6.2571959 1.5785680 47.567882 -1.610991 1
79 8 Car 0 0 -1.853598 734.147842 176.103372 791.671088 209.148238 1.439736 1.558252 3.957146 7.058813 1.613489 33.808203 -1.650018 0
80 2 Car 0 0 -1.649779 630.796874 175.456950 653.847424 195.242650 1.416789 1.448982 3.201869 2.367138 1.630272 53.831044 -1.606475 0
80 3 Car 0 0 -1.715895 667.608060 180.681378 729.325445 226.809923 1.377451 1.491847 3.318948 2.770933 1.640528 23.475042 -1.600585 0
80 4 Car 0 0 -1.913798 763.024783 182.192372 977.844522 310.174293 1.502941 1.617828 3.891248 3.492842 1.653144 10.586228 -1.604486 0
80 8 Car 0 0 -1.846487 729.096141 175.973798 783.842410 207.707130 1.439736 1.558252 3.957146 7.028064 1.613451 35.121387 -1.651101 0
81 2 Car 0 0 -1.645544 629.541917 175.349309 651.779764 194.571541 1.416789 1.448982 3.201869 2.309966 1.627741 55.360526 -1.604456 0
81 3 Car 0 0 -1.709142 664.030497 180.418378 722.262984 224.313758 1.377451 1.491847 3.318948 2.729637 1.643858 24.579039 -1.600556 0
81 4 Car 0 0 -1.889160 751.302191 181.694906 940.659632 297.035093 1.502941 1.617828 3.891248 3.471549 1.655838 11.513643 -1.604464 0
81 8 Car 0 0 -1.839549 724.132239 175.849845 776.268156 206.339420 1.439736 1.558252 3.957146 6.989396 1.613362 36.471021 -1.652183 0
82 2 Car 0 0 -1.641308 628.28696 175.24166 649.71210 193.90043 1.4167890 1.4489819 3.2018689 2.2527940 1.6252100 56.890008 -1.602437 1
82 3 Car 0 0 -1.702952 660.741900 180.171213 715.848925 222.047196 1.377451 1.491847 3.318948 2.688341 1.647189 25.683036 -1.600527 0
82 4 Car 0 0 -1.867822 741.092025 181.261378 910.026807 286.223129 1.502941 1.617828 3.891248 3.450256 1.658531 12.441058 -1.604441 0
82 8 Car 0 1 -1.833156 719.505221 175.735211 769.263544 205.074817 1.439736 1.558252 3.957146 6.950728 1.613272 37.820655 -1.653265 0
83 2 Car 0 0 -1.637073 627.03200 175.13402 647.64444 193.22932 1.4167890 1.4489819 3.2018689 2.1956220 1.6226790 58.419490 -1.600418 1
83 3 Car 0 0 -1.697137 657.651397 179.934811 709.862834 219.915034 1.377451 1.491847 3.318948 2.647049 1.650471 26.820928 -1.600498 0
83 4 Car 0 0 -1.847776 731.514674 180.394094 882.282243 275.799037 1.502941 1.617828 3.891248 3.432373 1.653262 13.464528 -1.604418 0
83 8 Car 0 1 -1.827256 715.181922 175.628883 762.766640 203.902085 1.439736 1.558252 3.957146 6.912059 1.613183 39.170289 -1.654347 0
84 2 Car 0 0 -1.632838 625.77704 175.02638 645.57678 192.55821 1.4167890 1.4489819 3.2018689 2.13845 1.6201480 59.948971 -1.598398 1
84 3 Car 0 0 -1.691782 654.798410 179.718834 704.394229 217.967509 1.377451 1.491847 3.318948 2.605756 1.653753 27.958820 -1.600469 0
84 4 Car 0 0 -1.830341 723.130995 179.479157 859.054390 267.079348 1.502941 1.617828 3.891248 3.414490 1.647994 14.487998 -1.604396 0
84 8 Car 0 2 -1.809788 710.378588 175.466501 754.998104 202.613730 1.439736 1.558252 3.957146 6.836605 1.610228 40.706879 -1.645032 0
85 2 Car 0 0 -1.628603 624.52208 174.91874 643.50912 191.88710 1.4167890 1.4489819 3.2018689 2.0812779 1.6176170 61.478454 -1.59638 1
85 3 Car 0 0 -1.686835 652.156571 179.520745 699.378786 216.181634 1.377451 1.491847 3.318948 2.564464 1.657035 29.096712 -1.600439 0
85 4 Car 0 0 -1.815047 715.730920 178.701797 839.323314 259.677634 1.502941 1.617828 3.891248 3.396607 1.642725 15.511468 -1.604373 0
85 5 Car 2 0 -2.636229 1154.999897 167.466276 1241.000000 374.000000 1.691299 1.579093 3.952055 3.665611 1.643449 1.827554 -1.591327 0
85 8 Car 0 2 -1.792889 705.912894 175.316456 747.816301 201.424082 1.439736 1.558252 3.957146 6.761150 1.607272 42.243469 -1.635717 0
85 12 Car 0 1 -2.829139 986.772359 179.331804 1083.812549 214.134250 1.479167 1.355913 3.513019 19.140990 1.791332 32.616252 -2.302856 0
86 2 Car 0 0 -1.624368 623.26713 174.81110 641.44146 191.21599 1.4167890 1.4489819 3.2018689 2.0241059 1.6150859 63.007936 -1.594361 1
86 3 Car 0 0 -1.682251 649.703277 179.338410 694.762419 214.538083 1.377451 1.491847 3.318948 2.523172 1.660317 30.234605 -1.600410 0
86 4 Car 0 0 -1.800667 708.677825 178.686701 821.410813 253.741446 1.502941 1.617828 3.891248 3.372780 1.651076 16.579828 -1.604350 0
86 5 Car 1 0 -2.500155 1070.332535 166.083617 1241.000000 374.000000 1.691299 1.579093 3.952055 3.658370 1.643907 2.524659 -1.587391 0
86 8 Car 0 2 -1.776502 701.750546 175.177399 741.157073 200.322220 1.439736 1.558252 3.957146 6.685695 1.604317 43.780059 -1.626402 0
86 12 Car 0 1 -2.809796 974.568728 178.871029 1069.764222 213.216476 1.479167 1.355913 3.513019 18.778691 1.774370 33.019826 -2.297003 0
87 2 Car 0 0 -1.620134 622.01217 174.70346 639.37380 190.54488 1.4167890 1.4489819 3.2018689 1.9669340 1.6125550 64.537418 -1.592341 1
87 3 Car 0 0 -1.678266 647.635816 179.103317 690.671011 212.899354 1.377451 1.491847 3.318948 2.494320 1.661262 31.420213 -1.600381 0
87 4 Car 0 0 -1.787929 702.394273 178.673653 805.930909 248.614224 1.502941 1.617828 3.891248 3.348952 1.659427 17.648188 -1.604328 0
87 5 Car 1 0 -2.386004 1008.440473 164.593231 1241.000000 374.000000 1.691299 1.579093 3.952055 3.651129 1.644366 3.221764 -1.583456 0
87 8 Car 0 2 -1.760579 697.861736 175.048171 734.965290 199.298774 1.439736 1.558252 3.957146 6.610241 1.601361 45.316649 -1.617087 0
87 12 Car 0 1 -2.790575 962.660634 178.421412 1056.054081 212.321819 1.479167 1.355913 3.513019 18.416392 1.757408 33.423400 -2.291150 0
88 2 Car 0 0 -1.615898 620.75721 174.59582 637.30614 189.87377 1.4167890 1.4489819 3.2018689 1.9097620 1.6100240 66.066900 -1.590322 1
88 3 Car 0 0 -1.674564 645.711454 178.886214 686.892838 211.386266 1.377451 1.491847 3.318948 2.465468 1.662207 32.605822 -1.600352 0
88 4 Car 0 0 -1.775763 696.377473 178.626196 791.431952 243.749996 1.502941 1.617828 3.891248 3.325135 1.667668 18.807828 -1.604305 0
88 5 Car 1 0 -2.293565 959.049619 163.058215 1241.000000 374.000000 1.691299 1.579093 3.952055 3.650231 1.644784 3.950561 -1.585110 0
88 8 Car 0 2 -1.745074 694.220437 174.927770 729.193316 198.345664 1.439736 1.558252 3.957146 6.534786 1.598406 46.853239 -1.607772 0
88 12 Car 0 2 -2.771480 951.037493 177.982553 1042.670036 211.449421 1.479167 1.355913 3.513019 18.054092 1.740446 33.826975 -2.285298 0
89 2 Car 0 0 -1.611663 619.50226 174.48818 635.23848 189.20266 1.4167890 1.4489819 3.2018689 1.8525899 1.6074930 67.596382 -1.588304 1
89 3 Car 0 0 -1.671115 643.915830 178.685112 683.393253 209.984904 1.377451 1.491847 3.318948 2.436616 1.663152 33.791431 -1.600323 0
89 4 Car 0 0 -1.764944 690.997784 178.584830 778.795677 239.512570 1.502941 1.617828 3.891248 3.301317 1.675908 19.967468 -1.604283 0
89 5 Car 1 0 -2.217998 920.444053 161.542473 1241.000000 374.000000 1.691299 1.579093 3.952055 3.649332 1.645201 4.679359 -1.586765 0
89 8 Car 0 2 -1.729569 690.57913 174.80736 723.42134 197.39255 1.4397359 1.5582519 3.9571459 6.4593310 1.5954509 48.389829 -1.598457 1
89 12 Car 0 2 -2.752512 939.689223 177.554072 1029.600569 210.598464 1.479167 1.355913 3.513019 17.691793 1.723484 34.230549 -2.279445 0
90 2 Car 0 0 -1.607428 618.24730 174.38053 633.17082 188.53156 1.4167890 1.4489819 3.2018689 1.7954179 1.6049620 69.125864 -1.586285 1
90 3 Car 0 0 -1.667895 642.236444 178.498306 680.142539 208.683334 1.377451 1.491847 3.318948 2.407764 1.664096 34.977040 -1.600294 0
90 4 Car 0 0 -1.754603 685.772150 178.117794 767.016961 235.212603 1.502941 1.617828 3.891248 3.270210 1.673023 21.175191 -1.604260 0
90 5 Car 1 0 -2.150418 885.798855 160.439317 1241.000000 374.000000 1.691299 1.579093 3.952055 3.636819 1.645488 5.471020 -1.589392 0
90 8 Car 0 2 -1.714064 686.93783 174.68696 717.64936 196.43944 1.4397359 1.5582519 3.9571459 6.3838760 1.592496 49.926419 -1.589142 1
90 12 Car 0 1 -2.733675 928.606207 177.135608 1016.834696 209.768168 1.479167 1.355913 3.513019 17.329494 1.706521 34.634123 -2.273593 0
91 3 Car 0 0 -1.664445 640.375331 178.316222 676.755240 207.426731 1.377451 1.491847 3.318948 2.365711 1.664980 36.205791 -1.600264 0
91 4 Car 0 0 -1.745334 681.065554 177.705830 756.628228 231.421422 1.502941 1.617828 3.891248 3.239103 1.670138 22.382915 -1.604237 0
91 5 Car 0 0 -2.095284 857.791913 161.561761 1241.000000 374.000000 1.691299 1.579093 3.952055 3.624306 1.645774 6.262681 -1.592020 0
91 8 Car 0 2 -1.698559 683.29653 174.56656 711.87739 195.48633 1.4397359 1.5582519 3.9571459 6.3084210 1.5895409 51.463008 -1.579826 1
91 12 Car 0 2 -2.722251 919.715259 177.110591 1006.555668 209.397836 1.479167 1.355913 3.513019 17.042326 1.707423 34.985663 -2.272723 0
92 3 Car 0 0 -1.661216 638.631229 178.146633 673.600457 206.256494 1.377451 1.491847 3.318948 2.323658 1.665864 37.434543 -1.600235 0
92 4 Car 0 0 -1.736979 676.804327 177.339739 747.397143 228.053768 1.502941 1.617828 3.891248 3.207996 1.667253 23.590638 -1.604215 0
92 5 Car 0 0 -2.049855 834.682245 162.339341 1241.000000 374.000000 1.691299 1.579093 3.952055 3.611793 1.646060 7.054342 -1.594647 0
92 8 Car 0 2 -1.683054 679.65524 174.44616 706.10541 194.53322 1.4397359 1.5582519 3.9571459 6.2329659 1.5865859 52.999599 -1.570512 1
92 12 Car 0 2 -2.710930 910.997439 177.086082 996.485622 209.035249 1.479167 1.355913 3.513019 16.755158 1.708325 35.337203 -2.271853 0
93 3 Car 0 0 -1.658117 636.961215 177.979895 670.576797 205.120714 1.377451 1.491847 3.318948 2.281610 1.666654 38.710836 -1.600206 0
93 4 Car 0 0 -1.729021 672.741367 176.993071 738.694251 224.857317 1.502941 1.617828 3.891248 3.176898 1.664213 24.877471 -1.604192 0
93 5 Car 0 0 -2.008951 813.748593 163.845003 1154.454597 372.135172 1.691299 1.579093 3.952055 3.595060 1.646230 7.905167 -1.597274 0
93 8 Car 0 2 -1.667549 676.01394 174.32576 700.33344 193.58011 1.4397359 1.5582519 3.9571459 6.1575109 1.5836310 54.536189 -1.561196 1
93 12 Car 0 2 -2.699712 902.447740 177.062067 986.618250 208.680168 1.479167 1.355913 3.513019 16.467989 1.709227 35.688744 -2.270983 0
94 3 Car 0 0 -1.655212 635.393575 177.824250 667.754374 204.060614 1.377451 1.491847 3.318948 2.239562 1.667444 39.987129 -1.600177 0
94 4 Car 0 0 -1.721821 669.050533 176.683172 730.915007 222.000873 1.502941 1.617828 3.891248 3.145799 1.661172 26.164304 -1.604169 0
94 5 Car 0 0 -1.974967 796.127215 164.985779 1084.934707 347.123061 1.691299 1.579093 3.952055 3.578327 1.646399 8.755992 -1.599902 0
94 12 Car 0 2 -2.688599 894.061344 177.038530 976.947491 208.332361 1.479167 1.355913 3.513019 16.180821 1.710129 36.040284 -2.270113 0
95 3 Car 0 0 -1.652483 633.919174 177.678626 665.113744 203.068874 1.377451 1.491847 3.318948 2.197514 1.668234 41.263422 -1.600148 0
95 4 Car 0 0 -1.715277 665.682940 176.404486 723.919779 219.432925 1.502941 1.617828 3.891248 3.114700 1.658132 27.451137 -1.604147 0
95 5 Car 0 0 -1.946453 781.089687 165.873076 1030.898320 327.691125 1.691299 1.579093 3.952055 3.561595 1.646568 9.606817 -1.602529 0
95 12 Car 0 2 -2.677590 885.833619 177.015458 967.467529 207.991607 1.479167 1.355913 3.513019 15.893653 1.711031 36.391824 -2.269243 0
96 3 Car 0 0 -1.649914 632.529935 177.542086 662.637892 202.139086 1.377451 1.491847 3.318948 2.155466 1.669024 42.539715 -1.600119 0
96 4 Car 0 0 -1.708907 662.416394 176.271128 717.144554 217.048906 1.502941 1.617828 3.891248 3.084632 1.660069 28.857365 -1.604124 0
96 5 Car 0 0 -1.914726 767.262387 166.695956 984.079694 311.603079 1.691299 1.579093 3.952055 3.528932 1.647742 10.493742 -1.599894 0
96 6 Car 2 0 -2.526365 1142.804021 218.536144 1241.000000 374.000000 1.408456 1.569173 3.226245 3.603070 1.634423 2.244537 -1.570796 0
96 12 Car 0 2 -2.666687 877.760104 176.992837 958.172772 207.657693 1.479167 1.355913 3.513019 15.606485 1.711933 36.743364 -2.268373 0
97 3 Car 0 0 -1.647338 631.108188 177.364663 660.154743 201.184086 1.377451 1.491847 3.318948 2.108204 1.667299 43.873207 -1.600115 0
97 4 Car 0 0 -1.703114 659.435167 176.150993 711.041485 214.901854 1.502941 1.617828 3.891248 3.054563 1.662006 30.263592 -1.604101 0
97 5 Car 0 0 -1.887803 755.991523 167.378032 946.482134 298.177455 1.691299 1.579093 3.952055 3.515288 1.648874 11.409188 -1.597259 0
97 6 Car 1 0 -2.389268 1052.835215 209.326120 1241.000000 374.000000 1.408456 1.569173 3.226245 3.606719 1.632646 3.044157 -1.566915 0
97 12 Car 0 2 -2.655889 869.836503 176.970654 949.057844 207.330417 1.479167 1.355913 3.513019 15.319317 1.712835 37.094904 -2.267503 0
98 3 Car 0 0 -1.644912 629.767357 177.198095 657.823581 200.287598 1.377451 1.491847 3.318948 2.060941 1.665573 45.206699 -1.600111 0
98 4 Car 0 0 -1.697823 656.703440 176.042207 705.515274 212.958113 1.502941 1.617828 3.891248 3.024494 1.663942 31.669820 -1.604079 0
98 5 Car 0 0 -1.864121 746.167471 167.940209 915.505284 287.135517 1.691299 1.579093 3.952055 3.501644 1.650006 12.324634 -1.594624 0
98 6 Car 1 0 -2.278684 989.222878 203.280470 1241.000000 374.000000 1.408456 1.569173 3.226245 3.610367 1.630869 3.843777 -1.563033 0
98 12 Car 0 2 -2.647294 863.725886 176.706687 941.998178 206.812311 1.479167 1.355913 3.513019 15.099567 1.701145 37.386090 -2.266633 0
99 3 Car 0 0 -1.642623 628.500725 177.041417 655.630868 199.444404 1.377451 1.491847 3.318948 2.013679 1.663847 46.540191 -1.600107 0
99 4 Car 0 0 -1.692971 654.191151 175.943235 700.487826 211.190108 1.502941 1.617828 3.891248 2.994426 1.665879 33.076048 -1.604056 0
99 5 Car 0 0 -1.846919 736.209068 168.421569 888.270184 277.449567 1.691299 1.579093 3.952055 3.478648 1.651024 13.290039 -1.597354 0
99 6 Car 1 0 -2.189465 936.383282 198.889583 1241.000000 374.000000 1.408456 1.569173 3.226245 3.607684 1.628976 4.713126 -1.566887 0
99 12 Car 0 1 -2.638771 857.707918 176.446881 935.049760 206.302595 1.479167 1.355913 3.513019 14.879816 1.689455 37.677276 -2.265763 0
100 3 Car 0 0 -1.640461 627.302300 176.893773 653.564626 198.649890 1.377451 1.491847 3.318948 1.966417 1.662121 47.873683 -1.600103 0
100 4 Car 0 0 -1.687713 651.360199 175.892384 695.224052 209.540036 1.502941 1.617828 3.891248 2.942660 1.669907 34.554426 -1.604034 0
100 5 Car 0 0 -1.832196 727.433095 168.827351 865.317690 269.285733 1.691299 1.579093 3.952055 3.455653 1.652043 14.255443 -1.600083 0
100 6 Car 1 0 -2.119276 896.238805 195.560932 1241.000000 374.000000 1.408456 1.569173 3.226245 3.605001 1.627082 5.582475 -1.570742 0
100 12 Car 0 1 -2.630319 851.780508 176.191136 928.209981 205.801066 1.479167 1.355913 3.513019 14.660066 1.677765 37.968462 -2.264893 0
101 3 Car 0 0 -1.638415 626.166716 176.754403 651.614218 197.899958 1.377451 1.491847 3.318948 1.919154 1.660395 49.207175 -1.600099 0
101 4 Car 0 0 -1.682877 648.749704 175.845938 690.416447 208.033191 1.502941 1.617828 3.891248 2.890895 1.673935 36.032804 -1.604011 0
101 5 Car 0 0 -1.819526 719.640802 169.174061 845.711228 262.311360 1.691299 1.579093 3.952055 3.432657 1.653061 15.220848 -1.602813 0
101 6 Car 0 0 -2.057333 864.004701 192.855942 1241.000000 374.000000 1.408456 1.569173 3.226245 3.601794 1.625122 6.487216 -1.570728 0
101 10 Car 2 1 -2.448759 1186.682393 190.146076 1241.000000 326.759907 1.448468 1.606648 4.202972 7.552137 1.626781 6.325240 -1.598505 0
101 12 Car 0 1 -2.614211 846.908137 176.171835 922.443101 205.574559 1.479167 1.355913 3.513019 14.480406 1.677985 38.232322 -2.255155 0
102 3 Car 0 0 -1.636368 625.03113 176.61503 649.66381 197.15002 1.3774509 1.4918469 3.3189479 1.8718909 1.6586690 50.540666 -1.600094 1
102 4 Car 0 0 -1.678440 646.355639 175.803765 686.022704 206.645517 1.502941 1.617828 3.891248 2.840652 1.678014 37.518787 -1.603988 0
102 5 Car 0 0 -1.807890 712.313667 169.485213 827.968485 256.041087 1.691299 1.579093 3.952055 3.406497 1.654111 16.227983 -1.605542 0
102 6 Car 0 0 -2.007045 838.235209 190.693449 1163.983552 374.000000 1.408456 1.569173 3.226245 3.598586 1.623163 7.391957 -1.570714 0
102 10 Car 1 1 -2.380142 1126.397256 187.521954 1241.000000 325.456079 1.448468 1.606648 4.202972 7.534664 1.625066 7.283213 -1.598477 0
102 12 Car 0 1 -2.598160 842.108223 176.152830 916.748658 205.351134 1.479167 1.355913 3.513019 14.300747 1.678205 38.496182 -2.245416 0
103 3 Car 0 0 -1.634322 623.89554 176.47566 647.71340 196.40009 1.3774509 1.4918469 3.3189479 1.8246280 1.6569430 51.874158 -1.600090 1
103 4 Car 0 0 -1.673866 643.836865 175.756578 681.581853 205.306167 1.502941 1.617828 3.891248 2.776725 1.681938 39.073233 -1.603966 0
103 5 Car 0 0 -1.797834 705.753728 169.755347 812.567625 250.598195 1.691299 1.579093 3.952055 3.380337 1.655162 17.235118 -1.608272 0
103 6 Car 0 0 -1.965601 817.162832 188.925127 1088.614594 346.832460 1.408456 1.569173 3.226245 3.595379 1.621203 8.296698 -1.570700 0
103 10 Car 1 0 -2.320051 1077.974070 186.057617 1241.000000 324.174894 1.448468 1.606648 4.202972 7.520849 1.624174 8.232296 -1.598162 0
103 12 Car 0 1 -2.582165 837.379198 176.134116 911.125271 205.130729 1.479167 1.355913 3.513019 14.121087 1.678425 38.760042 -2.235678 0
104 3 Car 0 0 -1.632277 622.75996 176.33629 645.76299 195.65016 1.3774509 1.4918469 3.3189479 1.7773649 1.6552170 53.207650 -1.600086 1
104 4 Car 0 0 -1.669635 641.502066 175.713179 677.497629 204.074525 1.502941 1.617828 3.891248 2.712797 1.685861 40.627680 -1.603943 0
104 5 Car 0 0 -1.788910 699.818211 169.993332 798.692548 245.564830 1.691299 1.579093 3.952055 3.360521 1.656015 18.299303 -1.611001 0
104 6 Car 0 0 -1.927581 797.711376 187.830250 1026.348712 325.157697 1.408456 1.569173 3.226245 3.582295 1.626402 9.272905 -1.570687 0
104 10 Car 1 0 -2.266916 1037.703007 184.893545 1241.000000 322.910683 1.448468 1.606648 4.202972 7.507034 1.623282 9.181379 -1.597847 0
104 12 Car 0 1 -2.566226 832.719533 176.115687 905.571593 204.913281 1.479167 1.355913 3.513019 13.941427 1.678645 39.023902 -2.225940 0
105 3 Car 0 0 -1.630230 621.62437 176.19692 643.81258 194.90022 1.3774509 1.4918469 3.3189479 1.7301019 1.6534910 54.541143 -1.600082 1
105 4 Car 0 0 -1.665886 639.452911 175.448078 673.860020 202.711544 1.502941 1.617828 3.891248 2.656344 1.677226 42.183778 -1.603920 0
105 5 Car 0 0 -1.781206 694.474079 170.202227 786.515496 241.147444 1.691299 1.579093 3.952055 3.340705 1.656867 19.363488 -1.613731 0
105 6 Car 0 0 -1.895780 781.456747 186.915317 978.155360 308.381471 1.408456 1.569173 3.226245 3.569211 1.631601 10.249111 -1.570673 0
105 10 Car 0 0 -2.217770 1002.219867 183.860015 1241.000000 316.824030 1.448468 1.606648 4.202972 7.493223 1.622244 10.176102 -1.597532 0
105 12 Car 0 2 -2.550344 828.127749 176.097537 900.086318 204.698734 1.479167 1.355913 3.513019 13.761767 1.678865 39.287762 -2.216201 0
106 3 Car 0 0 -1.628185 620.48879 176.05755 641.86217 194.15029 1.3774509 1.4918469 3.3189479 1.6828389 1.6517650 55.874634 -1.600078 1
106 4 Car 0 0 -1.662399 637.543380 175.202695 670.493084 201.450114 1.502941 1.617828 3.891248 2.599890 1.668591 43.739875 -1.603898 0
106 5 Car 0 1 -1.772622 689.466493 170.417448 775.471978 237.392902 1.691299 1.579093 3.952055 3.308806 1.658603 20.393139 -1.614851 0
106 6 Car 0 0 -1.868838 767.670697 186.139336 939.748179 295.011766 1.408456 1.569173 3.226245 3.556127 1.636799 11.225317 -1.570659 0
106 10 Car 0 0 -2.174344 972.058549 182.980924 1241.000000 300.917117 1.448468 1.606648 4.202972 7.479411 1.621206 11.170826 -1.597217 0
106 12 Car 0 2 -2.534516 823.602400 176.079662 894.668166 204.487029 1.479167 1.355913 3.513019 13.582108 1.679085 39.551622 -2.206463 0
107 3 Car 0 0 -1.626139 619.35321 175.91818 639.91177 193.40036 1.3774509 1.4918469 3.3189479 1.6355759 1.6500390 57.208126 -1.600075 1
107 4 Car 0 0 -1.659147 635.759672 174.974909 667.367691 200.279292 1.502941 1.617828 3.891248 2.543437 1.659956 45.295973 -1.603875 0
107 5 Car 0 1 -1.764420 684.655501 170.613057 764.990109 233.791890 1.691299 1.579093 3.952055 3.276914 1.660187 21.498857 -1.615971 0
107 6 Car 0 0 -1.847328 755.794511 185.202457 908.814139 283.876780 1.408456 1.569173 3.226245 3.541877 1.636586 12.189143 -1.572045 0
107 10 Car 0 0 -2.135912 946.122282 182.232729 1209.360712 288.266808 1.448468 1.606648 4.202972 7.461797 1.620224 12.156675 -1.596901 0
107 12 Car 0 2 -2.520825 820.712351 175.864723 891.126620 204.140827 1.479167 1.355913 3.513019 13.466103 1.668332 39.729137 -2.196724 0
108 3 Car 0 0 -1.624093 618.21762 175.77881 637.96136 192.65043 1.3774509 1.4918469 3.3189479 1.5883129 1.6483129 58.541619 -1.600070 1
108 4 Car 0 0 -1.656107 634.089748 174.762894 664.458752 199.189655 1.502941 1.617828 3.891248 2.486983 1.651321 46.852070 -1.603853 0
108 5 Car 0 1 -1.757460 680.522795 170.788002 755.933458 230.586349 1.691299 1.579093 3.952055 3.253079 1.661787 22.601523 -1.617091 0
108 6 Car 0 0 -1.827657 744.856572 184.330101 881.483638 274.008354 1.408456 1.569173 3.226245 3.527633 1.636247 13.219527 -1.573430 0
108 10 Car 0 0 -2.101635 923.542384 181.581046 1154.744962 277.879616 1.448468 1.606648 4.202972 7.444182 1.619243 13.142525 -1.596586 0
108 12 Car 0 2 -2.507159 817.852654 175.651617 887.611140 203.797669 1.479167 1.355913 3.513019 13.350098 1.657578 39.906652 -2.186986 0
109 3 Car 0 0 -1.622047 617.08204 175.63944 636.01095 191.90050 1.3774509 1.4918469 3.3189479 1.54105 1.6465870 59.875111 -1.600066 1
109 4 Car 0 0 -1.653259 632.523057 174.565065 661.744531 198.173041 1.502941 1.617828 3.891248 2.430530 1.642686 48.408168 -1.603830 0
109 5 Car 0 1 -1.751227 676.744979 170.945225 747.795003 227.706406 1.691299 1.579093 3.952055 3.229244 1.663387 23.704189 -1.618212 0
109 6 Car 0 0 -1.810784 735.336890 183.571046 858.612600 265.747555 1.408456 1.569173 3.226245 3.513389 1.635908 14.249911 -1.574815 0
109 10 Car 0 0 -2.070937 903.706939 181.008332 1109.062756 269.198102 1.448468 1.606648 4.202972 7.426567 1.618261 14.128374 -1.596271 0
109 12 Car 0 1 -2.493517 815.022853 175.440323 884.121433 203.457518 1.479167 1.355913 3.513019 13.234092 1.646824 40.084167 -2.177248 0
110 3 Car 0 0 -1.620000 615.94645 175.50007 634.06054 191.15057 1.3774509 1.4918469 3.3189479 1.4937869 1.6448610 61.208602 -1.600062 1
110 4 Car 0 0 -1.650205 630.790206 174.484674 658.919494 197.322729 1.502941 1.617828 3.891248 2.355630 1.641041 49.973505 -1.603803 0
110 5 Car 0 1 -1.744971 672.887033 171.087802 739.817214 224.970522 1.691299 1.579093 3.952055 3.195906 1.664864 24.863908 -1.619332 0
110 6 Car 0 0 -1.796384 727.071818 182.913027 839.422657 258.817886 1.408456 1.569173 3.226245 3.499144 1.635576 15.266561 -1.576200 0
110 10 Car 0 0 -2.041919 885.251027 180.433871 1068.325144 261.446241 1.448468 1.606648 4.202972 7.408958 1.617145 15.170006 -1.595956 0
110 12 Car 0 1 -2.479899 812.222500 175.230820 880.657215 203.120337 1.479167 1.355913 3.513019 13.118087 1.636071 40.261682 -2.167509 0
111 3 Car 0 0 -1.617955 614.81087 175.36070 632.11013 190.40063 1.3774509 1.4918469 3.3189479 1.4465239 1.6431350 62.542094 -1.600058 1
111 4 Car 0 0 -1.647333 629.158805 174.409354 656.272681 196.526121 1.502941 1.617828 3.891248 2.280730 1.639397 51.538842 -1.603776 0
111 5 Car 0 1 -1.736776 669.414094 171.160532 732.522536 222.536408 1.691299 1.579093 3.952055 3.156612 1.664548 25.978650 -1.617895 0
111 6 Car 0 0 -1.782911 719.278493 182.283163 821.794269 252.427118 1.408456 1.569173 3.226245 3.484907 1.635081 16.359278 -1.577586 0
111 10 Car 0 0 -2.015861 868.895485 179.819240 1033.590647 254.840474 1.448468 1.606648 4.202972 7.391348 1.616028 16.211638 -1.595641 0
111 12 Car 0 1 -2.475486 809.784959 175.202146 877.808691 202.986498 1.479167 1.355913 3.513019 13.018066 1.634986 40.407301 -2.166372 0
112 3 Car 0 0 -1.615908 613.67529 175.22133 630.15973 189.65070 1.3774509 1.4918469 3.3189479 1.3992609 1.6414089 63.875586 -1.600054 1
112 4 Car 0 0 -1.644627 627.620198 174.338638 653.787743 195.778283 1.502941 1.617828 3.891248 2.205831 1.637752 53.104179 -1.603749 0
112 5 Car 0 1 -1.729121 666.208031 171.226831 725.873496 220.318806 1.691299 1.579093 3.952055 3.117318 1.664231 27.093392 -1.616458 0
112 6 Car 0 0 -1.771193 712.377176 181.725483 806.599159 246.917453 1.408456 1.569173 3.226245 3.470669 1.634586 17.451995 -1.578971 0
112 10 Car 0 0 -1.992357 854.301070 179.288883 1003.623393 249.144126 1.448468 1.606648 4.202972 7.373739 1.614911 17.253270 -1.595326 0
112 12 Car 0 1 -2.471090 807.364712 175.173682 874.980881 202.853662 1.479167 1.355913 3.513019 12.918045 1.633902 40.552920 -2.165234 0
113 3 Car 0 0 -1.613863 612.53970 175.08196 628.20932 188.90077 1.3774509 1.4918469 3.3189479 1.3519979 1.6396830 65.209078 -1.600050 1
113 4 Car 0 0 -1.642073 626.166688 174.272118 651.450270 195.074871 1.502941 1.617828 3.891248 2.130931 1.636108 54.669516 -1.603722 0
113 5 Car 0 1 -1.721807 663.173591 171.286839 719.633171 218.223143 1.691299 1.579093 3.952055 3.078027 1.663810 28.245112 -1.615021 0
113 6 Car 0 0 -1.760292 705.843881 181.322905 792.709031 242.087284 1.408456 1.569173 3.226245 3.451187 1.637210 18.584826 -1.580356 0
113 10 Car 0 0 -1.973201 841.070625 178.817011 977.501959 244.092114 1.448468 1.606648 4.202972 7.363332 1.613800 18.316223 -1.597203 0
113 12 Car 0 1 -2.466710 804.961575 175.145425 872.173558 202.721816 1.479167 1.355913 3.513019 12.818023 1.632817 40.698538 -2.164096 0
114 3 Car 1 0 -1.611816 611.40412 174.94259 626.25891 188.15084 1.3774509 1.4918469 3.3189479 1.3047349 1.6379570 66.542570 -1.600046 1
114 4 Car 0 0 -1.639658 624.791405 174.209430 649.247513 194.412040 1.502941 1.617828 3.891248 2.056031 1.634463 56.234853 -1.603694 0
114 5 Car 0 1 -1.714942 660.362345 171.341825 713.915688 216.303857 1.691299 1.579093 3.952055 3.038737 1.663389 29.396831 -1.613584 0
114 6 Car 0 0 -1.750736 700.003625 180.963076 780.557671 237.861184 1.408456 1.569173 3.226245 3.431705 1.639834 19.717657 -1.581741 0
114 10 Car 0 0 -1.956018 829.148117 178.403150 954.594286 239.661550 1.448468 1.606648 4.202972 7.352924 1.612688 19.379175 -1.599079 0
114 12 Car 0 1 -2.462347 802.575367 175.117373 869.386502 202.590951 1.479167 1.355913 3.513019 12.718002 1.631733 40.844157 -2.162958 0
115 3 Car 1 0 -1.609771 610.26854 174.80322 624.30850 187.40090 1.3774509 1.4918469 3.3189479 1.257472 1.6362309 67.876063 -1.600042 1
115 4 Car 0 0 -1.637243 623.41612 174.14674 647.04475 193.74920 1.5029410 1.6178280 3.8912480 1.9811309 1.6328180 57.800190 -1.603665 1
115 5 Car 0 1 -1.708478 657.750543 171.392393 708.657974 214.539582 1.691299 1.579093 3.952055 2.999446 1.662968 30.548551 -1.612147 0
115 6 Car 0 0 -1.742318 694.751696 180.639530 769.837811 234.132504 1.408456 1.569173 3.226245 3.412224 1.642457 20.850488 -1.583127 0
115 10 Car 0 0 -1.940555 818.348746 178.037224 934.341636 235.744412 1.448468 1.606648 4.202972 7.342517 1.611576 20.442127 -1.600955 0
115 12 Car 0 1 -2.460878 802.347648 175.100927 869.084792 202.559377 1.479167 1.355913 3.513019 12.709880 1.630895 40.866145 -2.161821 0
116 3 Car 1 0 -1.607725 609.13295 174.66385 622.35809 186.65097 1.3774509 1.4918469 3.3189479 1.2102089 1.6345050 69.209555 -1.600038 1
116 4 Car 0 0 -1.634828 622.04083 174.08405 644.84199 193.08637 1.5029410 1.6178280 3.8912480 1.9062310 1.6311729 59.365527 -1.603637 1
116 5 Car 0 1 -1.706218 655.043948 171.515647 703.856105 212.989292 1.691299 1.579093 3.952055 2.955029 1.665744 31.701538 -1.614720 0
116 6 Car 0 0 -1.734871 690.003464 180.323075 760.310556 230.818303 1.408456 1.569173 3.226245 3.392742 1.645081 21.983319 -1.584512 0
116 10 Car 0 0 -1.925925 808.059353 177.703367 915.632859 232.190273 1.448468 1.606648 4.202972 7.322693 1.610388 21.525729 -1.602832 0
116 12 Car 0 2 -2.459410 802.120226 175.084498 868.783345 202.527838 1.479167 1.355913 3.513019 12.701758 1.630056 40.888134 -2.160683 0
117 4 Car 0 0 -1.632413 620.66555 174.02136 642.63924 192.42354 1.5029410 1.6178280 3.8912480 1.8313310 1.6295280 60.930863 -1.603609 1
117 5 Car 0 1 -1.704291 652.516425 171.629703 699.412877 211.554698 1.691299 1.579093 3.952055 2.910612 1.668521 32.854526 -1.617294 0
117 6 Car 0 0 -1.727517 685.194529 179.966855 751.158458 227.759385 1.408456 1.569173 3.226245 3.358320 1.646392 23.135593 -1.585897 0
117 10 Car 0 0 -1.912698 798.671541 177.404768 898.900920 229.011647 1.448468 1.606648 4.202972 7.302870 1.609199 22.609330 -1.604708 0
117 12 Car 0 2 -2.457943 801.893103 175.068086 868.482158 202.496332 1.479167 1.355913 3.513019 12.693636 1.629218 40.910122 -2.159545 0
118 4 Car 0 0 -1.629998 619.29027 173.95867 640.43648 191.76071 1.5029410 1.6178280 3.8912480 1.7564310 1.6278829 62.496200 -1.603582 1
118 5 Car 0 1 -1.702663 650.150784 171.735551 695.289545 210.223315 1.691299 1.579093 3.952055 2.866195 1.671298 34.007513 -1.619867 0
118 6 Car 0 0 -1.720964 680.813036 179.646826 742.936717 225.011205 1.408456 1.569173 3.226245 3.323899 1.647703 24.287868 -1.587283 0
118 10 Car 0 0 -1.900708 790.071797 177.136120 883.848208 226.152010 1.448468 1.606648 4.202972 7.283047 1.608011 23.692932 -1.606584 0
118 12 Car 0 2 -2.456475 801.666277 175.051692 868.181232 202.464859 1.479167 1.355913 3.513019 12.685514 1.628379 40.932111 -2.158407 0
119 4 Car 0 0 -1.627583 617.91499 173.89598 638.23372 191.09788 1.5029410 1.6178280 3.8912480 1.6815309 1.6262380 64.061538 -1.603553 1
119 5 Car 0 1 -1.701212 647.888409 171.833762 691.348835 208.936803 1.691299 1.579093 3.952055 2.821783 1.674001 35.202759 -1.622441 0
119 6 Car 0 0 -1.714975 676.768618 179.337351 735.317162 222.395964 1.408456 1.569173 3.226245 3.293921 1.648898 25.502262 -1.588668 0
119 10 Car 0 0 -1.889371 781.868656 176.889336 869.807462 223.521366 1.448468 1.606648 4.202972 7.256887 1.606813 24.796185 -1.608461 0
119 12 Car 0 2 -2.455008 801.439747 175.035314 867.880567 202.433420 1.479167 1.355913 3.513019 12.677392 1.627541 40.954099 -2.157270 0
120 4 Car 0 0 -1.625168 616.53970 173.83330 636.03097 190.43505 1.5029410 1.6178280 3.8912480 1.6066310 1.6245930 65.626874 -1.603525 1
120 5 Car 0 1 -1.700021 645.766913 171.925156 687.681780 207.739588 1.691299 1.579093 3.952055 2.777371 1.676705 36.398006 -1.625015 0
120 6 Car 0 0 -1.709637 673.070639 179.057807 728.434896 220.033646 1.408456 1.569173 3.226245 3.263943 1.650093 26.716657 -1.590053 0
120 10 Car 0 0 -1.879059 774.311447 176.665420 857.068352 221.134594 1.448468 1.606648 4.202972 7.230727 1.605615 25.899439 -1.610337 0
120 12 Car 0 2 -2.453541 801.213513 175.018954 867.580162 202.402014 1.479167 1.355913 3.513019 12.669270 1.626702 40.976088 -2.156132 0
121 4 Car 1 0 -1.622753 615.16442 173.77061 633.82821 189.77222 1.5029410 1.6178280 3.8912480 1.5317310 1.6229480 67.192211 -1.603497 1
121 5 Car 0 1 -1.696638 643.959944 171.945684 684.251016 206.536535 1.691299 1.579093 3.952055 2.739356 1.676155 37.614372 -1.625031 0
121 6 Car 0 0 -1.704868 669.676419 178.804052 722.187839 217.889252 1.408456 1.569173 3.226245 3.233965 1.651288 27.931051 -1.591438 0
121 10 Car 0 0 -1.869659 767.326775 176.461336 845.457885 218.959286 1.448468 1.606648 4.202972 7.204567 1.604417 27.002692 -1.612213 0
121 12 Car 0 2 -2.452326 801.166395 175.038521 867.505824 202.422873 1.479167 1.355913 3.513019 12.665651 1.627783 40.975734 -2.154994 0
122 4 Car 1 0 -1.620338 613.78914 173.70792 631.62545 189.10939 1.5029410 1.6178280 3.8912480 1.4568310 1.6213030 68.757548 -1.603469 1
122 5 Car 0 1 -1.693464 642.260763 171.964859 681.046418 205.412972 1.691299 1.579093 3.952055 2.701341 1.675605 38.830738 -1.625047 0
122 6 Car 0 0 -1.700599 666.550011 178.572676 716.491924 215.933958 1.408456 1.569173 3.226245 3.203987 1.652483 29.145446 -1.592824 0
122 10 Car 0 0 -1.860066 760.204849 176.259307 833.852878 216.826503 1.448468 1.606648 4.202972 7.168274 1.603051 28.187085 -1.614090 0
122 12 Car 0 1 -2.451110 801.119321 175.058090 867.431433 202.443732 1.479167 1.355913 3.513019 12.662032 1.628864 40.975381 -2.153857 0
123 4 Car 1 0 -1.617923 612.41385 173.64523 629.42270 188.44656 1.5029410 1.6178280 3.8912480 1.3819310 1.6196579 70.322885 -1.603442 1
123 5 Car 0 1 -1.690482 640.660007 171.982811 678.046336 204.361275 1.691299 1.579093 3.952055 2.663327 1.675055 40.047104 -1.625064 0
123 6 Car 0 0 -1.696773 663.660926 178.360842 711.277291 214.143806 1.408456 1.569173 3.226245 3.174009 1.653678 30.359840 -1.594209 0
123 10 Car 0 0 -1.850072 754.063325 176.253426 823.772315 215.160260 1.448468 1.606648 4.202972 7.133358 1.608077 29.299022 -1.614112 0
123 12 Car 0 1 -2.449894 801.072290 175.077661 867.356990 202.464591 1.479167 1.355913 3.513019 12.658412 1.629945 40.975027 -2.152719 0
124 5 Car 0 1 -1.687136 638.795213 172.142488 674.794840 203.476201 1.691299 1.579093 3.952055 2.606221 1.682244 41.315794 -1.625080 0
124 6 Car 0 0 -1.693181 660.879719 178.073913 706.351374 212.391496 1.408456 1.569173 3.226245 3.140194 1.651131 31.587146 -1.595594 0
124 10 Car 0 0 -1.840760 748.342123 176.248005 814.482548 213.625045 1.448468 1.606648 4.202972 7.098443 1.613103 30.410959 -1.614134 0
124 12 Car 0 1 -2.448678 801.025303 175.097236 867.282494 202.485449 1.479167 1.355913 3.513019 12.654793 1.631026 40.974674 -2.151581 0
125 5 Car 0 1 -1.683988 637.036664 172.292205 671.746272 202.646479 1.691299 1.579093 3.952055 2.549116 1.689433 42.584485 -1.625096 0
125 6 Car 0 0 -1.689954 658.296681 177.809550 701.812998 210.776997 1.408456 1.569173 3.226245 3.106378 1.648584 32.814453 -1.596979 0
125 10 Car 0 0 -1.831735 742.775919 176.240443 805.606531 212.184824 1.448468 1.606648 4.202972 7.055922 1.618096 31.538111 -1.614156 0
125 12 Car 0 1 -2.447462 800.978359 175.116813 867.207944 202.506307 1.479167 1.355913 3.513019 12.651174 1.632107 40.974320 -2.150443 0
126 5 Car 0 1 -1.681021 635.375531 172.432864 668.882208 201.867076 1.691299 1.579093 3.952055 2.492011 1.696622 43.853175 -1.625113 0
126 6 Car 0 0 -1.687053 655.891362 177.565192 697.618156 209.284667 1.408456 1.569173 3.226245 3.072562 1.646036 34.041759 -1.598365 0
126 10 Car 0 0 -1.823297 737.570823 176.233437 797.384351 210.850932 1.448468 1.606648 4.202972 7.013402 1.623089 32.665263 -1.614178 0
126 12 Car 0 1 -2.446246 800.931459 175.136392 867.133342 202.527164 1.479167 1.355913 3.513019 12.647554 1.633188 40.973967 -2.149306 0
127 5 Car 0 1 -1.678219 633.803939 172.565263 666.186390 201.133548 1.691299 1.579093 3.952055 2.434905 1.703811 45.121866 -1.625129 0
127 6 Car 0 0 -1.683322 653.802366 177.422074 693.951710 208.091046 1.408456 1.569173 3.226245 3.037437 1.646623 35.151658 -1.598385 0
127 10 Car 0 0 -1.816882 732.435314 175.985687 789.562032 209.344864 1.448468 1.606648 4.202972 6.965703 1.617606 33.817247 -1.615976 0
127 12 Car 0 1 -2.445031 800.884602 175.155974 867.058688 202.548021 1.479167 1.355913 3.513019 12.643935 1.634269 40.973613 -2.148168 0
128 5 Car 0 1 -1.675445 632.231962 172.393727 663.536129 200.128746 1.691299 1.579093 3.952055 2.373059 1.692712 46.416384 -1.625145 0
128 6 Car 0 0 -1.679544 651.698504 177.266017 690.232650 206.846216 1.408456 1.569173 3.226245 3.002323 1.646903 36.385167 -1.598406 0
128 10 Car 0 0 -1.810979 727.618803 175.755299 782.287996 207.944349 1.448468 1.606648 4.202972 6.918004 1.612122 34.969231 -1.617774 0
128 12 Car 0 1 -2.443815 800.837788 175.175559 866.983980 202.568878 1.479167 1.355913 3.513019 12.640316 1.635350 40.973259 -2.147030 0
129 5 Car 0 1 -1.672821 630.741937 172.231888 661.035742 199.180871 1.691299 1.579093 3.952055 2.311213 1.681614 47.710903 -1.625162 0
129 6 Car 0 0 -1.676011 649.726953 177.120641 686.768239 205.686722 1.408456 1.569173 3.226245 2.967209 1.647184 37.618675 -1.598427 0
129 10 Car 0 0 -1.805542 723.092467 175.540511 775.506545 206.638668 1.448468 1.606648 4.202972 6.870305 1.606638 36.121214 -1.619572 0
129 12 Car 0 1 -2.442599 800.791018 175.195146 866.909220 202.589734 1.479167 1.355913 3.513019 12.636696 1.636431 40.972906 -2.145893 0
130 5 Car 0 1 -1.670335 629.327618 172.078945 658.672864 198.285218 1.691299 1.579093 3.952055 2.249367 1.670515 49.005421 -1.625178 0
130 6 Car 0 0 -1.672303 647.604001 177.185037 683.225523 204.794645 1.408456 1.569173 3.226245 2.917568 1.657885 38.865525 -1.598447 0
130 10 Car 0 0 -1.796901 718.922390 175.816992 768.953555 205.869969 1.448468 1.606648 4.202972 6.825325 1.624522 37.303266 -1.617818 0
130 12 Car 0 1 -2.441383 800.744292 175.214736 866.834407 202.610590 1.479167 1.355913 3.513019 12.633077 1.637511 40.972552 -2.144755 0
131 5 Car 0 1 -1.663804 628.506632 172.065994 656.690396 197.528375 1.691299 1.579093 3.952055 2.218452 1.668124 50.377582 -1.620480 0
131 6 Car 0 0 -1.668823 645.607939 177.245266 679.912133 203.960377 1.408456 1.569173 3.226245 2.867927 1.668587 40.112374 -1.598468 0
131 10 Car 0 0 -1.788664 714.995727 176.075562 762.825223 205.151309 1.448468 1.606648 4.202972 6.780346 1.642407 38.485318 -1.616064 0
131 12 Car 0 1 -2.441007 800.454611 175.015426 866.492947 202.392270 1.479167 1.355913 3.513019 12.621925 1.626559 40.994242 -2.144770 0
132 5 Car 0 1 -1.657370 627.728000 172.053764 654.816489 196.813368 1.691299 1.579093 3.952055 2.187537 1.665732 51.749742 -1.615782 0
132 6 Car 0 0 -1.665551 643.727720 177.301720 676.806499 203.178476 1.408456 1.569173 3.226245 2.818286 1.679288 41.359223 -1.598489 0
132 10 Car 0 0 -1.780797 711.291773 176.317905 757.081562 204.477954 1.448468 1.606648 4.202972 6.735367 1.660291 39.667370 -1.614310 0
132 12 Car 0 1 -2.440632 800.165229 174.816332 866.151858 202.174192 1.479167 1.355913 3.513019 12.610772 1.615607 41.015931 -2.144785 0
133 5 Car 0 1 -1.651024 626.988544 172.042198 653.042447 196.136822 1.691299 1.579093 3.952055 2.156622 1.663341 53.121903 -1.611085 0
133 6 Car 0 0 -1.662582 642.040757 176.971690 673.953396 202.036750 1.408456 1.569173 3.226245 2.775742 1.668428 42.645001 -1.598510 0
133 10 Car 0 0 -1.776026 707.508608 175.998919 751.551101 203.275061 1.448468 1.606648 4.202972 6.684005 1.648980 40.883310 -1.615585 0
133 12 Car 0 1 -2.440257 799.876144 174.617455 865.811141 201.956355 1.479167 1.355913 3.513019 12.599620 1.604655 41.037620 -2.144800 0
134 5 Car 0 1 -1.644761 626.285395 172.031243 651.360477 195.495715 1.691299 1.579093 3.952055 2.125707 1.660949 54.494063 -1.606387 0
134 6 Car 0 0 -1.659785 640.449053 176.661697 671.273570 200.964435 1.408456 1.569173 3.226245 2.733197 1.657568 43.930779 -1.598530 0
134 10 Car 0 0 -1.771592 703.933525 175.699318 746.356819 202.145305 1.448468 1.606648 4.202972 6.632644 1.637669 42.099251 -1.616860 0
134 12 Car 0 1 -2.439883 799.587356 174.418794 865.470794 201.738759 1.479167 1.355913 3.513019 12.588467 1.593703 41.059309 -2.144815 0
135 5 Car 0 1 -1.638574 625.615956 172.020853 649.763576 194.887334 1.691299 1.579093 3.952055 2.094792 1.658558 55.866223 -1.601689 0
135 6 Car 0 0 -1.657147 638.944763 176.369969 668.751700 199.955385 1.408456 1.569173 3.226245 2.690653 1.646708 45.216556 -1.598551 0
135 10 Car 0 0 -1.767466 700.549817 175.417388 741.468966 201.082215 1.448468 1.606648 4.202972 6.581283 1.626358 43.315191 -1.618135 0
135 12 Car 0 2 -2.439508 799.298864 174.220349 865.130816 201.521404 1.479167 1.355913 3.513019 12.577315 1.582751 41.080998 -2.144830 0
136 5 Car 0 1 -1.632387 624.94651 172.01046 648.16667 194.27895 1.6912990 1.5790930 3.9520550 2.0638770 1.6561669 57.238382 -1.596990 1
136 6 Car 0 0 -1.654654 637.520878 176.094939 666.374221 199.004164 1.408456 1.569173 3.226245 2.648108 1.635848 46.502334 -1.598572 0
136 10 Car 0 0 -1.763979 697.587733 175.308320 737.149376 200.249168 1.448468 1.606648 4.202972 6.543261 1.624205 44.510636 -1.619409 0
136 12 Car 0 2 -2.441539 799.426638 174.247728 865.323142 201.554772 1.479167 1.355913 3.513019 12.583603 1.584248 41.071594 -2.146659 0
137 5 Car 0 1 -1.6262 624.27707 172.00007 646.56977 193.67057 1.6912990 1.5790930 3.9520550 2.0329620 1.6537759 58.610543 -1.592292 1
137 6 Car 0 0 -1.652514 636.340477 175.965889 664.286766 198.218367 1.408456 1.569173 3.226245 2.618566 1.633523 47.826298 -1.598587 0
137 10 Car 0 0 -1.760734 694.773747 175.205231 733.066581 199.461799 1.448468 1.606648 4.202972 6.505239 1.622052 45.706080 -1.620684 0
137 12 Car 0 1 -2.443570 799.554590 174.275117 865.515416 201.588152 1.479167 1.355913 3.513019 12.589891 1.585745 41.062190 -2.148488 0
138 5 Car 0 1 -1.620013 623.60763 171.98968 644.97287 193.06219 1.6912990 1.5790930 3.9520550 2.0020470 1.6513850 59.982702 -1.587594 1
138 6 Car 0 0 -1.650488 635.221653 175.844021 662.315527 197.476358 1.408456 1.569173 3.226245 2.589024 1.631197 49.150262 -1.598601 0
138 10 Car 0 0 -1.757712 692.097025 175.107642 729.201628 198.716451 1.448468 1.606648 4.202972 6.467217 1.619900 46.901525 -1.621959 0
138 12 Car 0 0 -2.445600 799.682720 174.302516 865.707638 201.621543 1.479167 1.355913 3.513019 12.596179 1.587242 41.052786 -2.150316 0
139 5 Car 0 1 -1.613825 622.93820 171.97929 643.37597 192.45381 1.6912990 1.5790930 3.9520550 1.9711320 1.6489940 61.354863 -1.582896 1
139 6 Car 0 0 -1.648569 634.159711 175.728752 660.451061 196.774575 1.408456 1.569173 3.226245 2.559482 1.628872 50.474226 -1.598616 0
139 10 Car 0 0 -1.754363 689.179471 175.012741 725.110495 197.990975 1.448468 1.606648 4.202972 6.407224 1.617694 48.129937 -1.623234 0
139 12 Car 0 0 -2.447631 799.811028 174.329927 865.899807 201.654946 1.479167 1.355913 3.513019 12.602468 1.588739 41.043381 -2.152145 0
140 5 Car 0 1 -1.607639 622.26876 171.96890 641.77907 191.84542 1.6912990 1.5790930 3.9520550 1.9402170 1.6466029 62.727023 -1.578198 1
140 6 Car 0 0 -1.646748 633.150421 175.619561 658.684922 196.109833 1.408456 1.569173 3.226245 2.529940 1.626546 51.798190 -1.598631 0
140 10 Car 0 0 -1.751238 686.401180 174.922772 721.232005 197.303218 1.448468 1.606648 4.202972 6.347232 1.615487 49.358348 -1.624508 0
140 12 Car 0 0 -2.449662 799.939514 174.357347 866.091924 201.688361 1.479167 1.355913 3.513019 12.608756 1.590236 41.033977 -2.153973 0
141 5 Car 0 1 -1.601452 621.59932 171.95851 640.18216 191.23704 1.6912990 1.5790930 3.9520550 1.9093020 1.6442120 64.099182 -1.573500 1
141 6 Car 0 0 -1.645017 632.189961 175.515978 657.009531 195.479276 1.408456 1.569173 3.226245 2.500397 1.624221 53.122154 -1.598646 0
141 10 Car 0 0 -1.748321 683.752414 174.837362 717.549998 196.650311 1.448468 1.606648 4.202972 6.287239 1.613281 50.586760 -1.625783 0
141 12 Car 0 1 -2.451693 800.068179 174.384779 866.283988 201.721788 1.479167 1.355913 3.513019 12.615044 1.591733 41.024573 -2.155802 0
142 5 Car 0 1 -1.595264 620.92988 171.94812 638.58526 190.62866 1.6912990 1.5790930 3.9520550 1.8783870 1.6418210 65.471342 -1.568802 1
142 6 Car 0 0 -1.643285 631.22950 175.41239 655.33414 194.84871 1.4084559 1.5691729 3.2262450 2.4708540 1.6218959 54.446118 -1.598661 1
142 10 Car 0 0 -1.745664 681.280661 174.753573 714.088350 196.012420 1.448468 1.606648 4.202972 6.234856 1.610986 51.849400 -1.627058 0
142 12 Car 0 2 -2.453724 800.197024 174.412221 866.476000 201.755226 1.479167 1.355913 3.513019 12.621332 1.593230 41.015169 -2.157631 0
143 5 Car 1 1 -1.589078 620.26044 171.93773 636.98836 190.02028 1.6912990 1.5790930 3.9520550 1.8474719 1.6394299 66.843502 -1.564104 1
143 6 Car 0 0 -1.641554 630.26904 175.30881 653.65874 194.21816 1.4084559 1.5691729 3.2262450 2.4413110 1.6195709 55.770082 -1.598675 1
143 10 Car 0 0 -1.743189 678.921941 174.673931 710.798026 195.406109 1.448468 1.606648 4.202972 6.182473 1.608691 53.112041 -1.628333 0
143 12 Car 0 2 -2.455755 800.326047 174.439674 866.667959 201.788676 1.479167 1.355913 3.513019 12.627620 1.594727 41.005765 -2.159459 0
144 5 Car 1 1 -1.582891 619.59100 171.92734 635.39146 189.41190 1.6912990 1.5790930 3.9520550 1.8165570 1.6370389 68.215663 -1.559407 1
144 6 Car 0 0 -1.639823 629.30858 175.20522 651.98335 193.58760 1.4084559 1.5691729 3.2262450 2.4117680 1.6172459 57.094046 -1.598691 1
144 10 Car 0 0 -1.740885 676.668677 174.598136 707.666613 194.829090 1.448468 1.606648 4.202972 6.130090 1.606395 54.374681 -1.629608 0
144 12 Car 0 1 -2.457786 800.455250 174.467137 866.859865 201.822138 1.479167 1.355913 3.513019 12.633908 1.596223 40.996361 -2.161288 0
145 5 Car 1 1 -1.576704 618.92156 171.91695 633.79456 188.80352 1.6912990 1.5790930 3.9520550 1.7856420 1.6346479 69.587823 -1.554708 1
145 6 Car 0 0 -1.638092 628.34812 175.10164 650.30796 192.95704 1.4084559 1.5691729 3.2262450 2.382225 1.6149209 58.418010 -1.598706 1
145 10 Car 0 0 -1.738711 674.496851 174.525155 704.655896 194.272912 1.448468 1.606648 4.202972 6.077709 1.604079 55.652534 -1.630882 0
145 12 Car 0 1 -2.459817 800.584633 174.494611 867.051717 201.855612 1.479167 1.355913 3.513019 12.640197 1.597720 40.986957 -2.163116 0
146 6 Car 0 0 -1.636361 627.38766 174.99806 648.63257 192.32649 1.4084559 1.5691729 3.2262450 2.3526820 1.6125959 59.741974 -1.598720 1
146 10 Car 0 0 -1.736688 672.419043 174.455575 701.785476 193.742660 1.448468 1.606648 4.202972 6.025327 1.601762 56.930388 -1.632157 0
146 12 Car 0 1 -2.457520 800.236919 174.714378 866.611437 202.066311 1.479167 1.355913 3.513019 12.624185 1.609936 41.007690 -2.161318 0
147 6 Car 0 0 -1.634631 626.42720 174.89447 646.95718 191.69593 1.4084559 1.5691729 3.2262450 2.3231390 1.6102709 61.065938 -1.598736 1
147 10 Car 0 0 -1.734807 670.429278 174.389164 699.045770 193.236563 1.448468 1.606648 4.202972 5.972946 1.599445 58.208241 -1.633432 0
147 12 Car 0 1 -2.455223 799.889695 174.933949 866.171440 202.276793 1.479167 1.355913 3.513019 12.608173 1.622152 41.028423 -2.159520 0
148 6 Car 0 0 -1.6329 625.46674 174.79089 645.28179 191.06537 1.4084559 1.5691729 3.2262450 2.2935960 1.6079459 62.389902 -1.598751 1
148 10 Car 0 0 -1.728470 668.525333 174.312552 696.196111 192.728001 1.448468 1.606648 4.202972 5.915060 1.596093 59.522452 -1.630268 0
148 12 Car 0 1 -2.452926 799.542959 175.153324 865.731726 202.487057 1.479167 1.355913 3.513019 12.592161 1.634367 41.049156 -2.157721 0
149 6 Car 0 0 -1.631168 624.50628 174.68731 643.60640 190.43481 1.4084559 1.5691729 3.2262450 2.2640530 1.6056209 63.713866 -1.598766 1
149 10 Car 0 0 -1.722267 666.701243 174.239360 693.473436 192.242244 1.448468 1.606648 4.202972 5.857175 1.592741 60.836662 -1.627104 0
149 12 Car 0 1 -2.450630 799.196710 175.372504 865.292296 202.697103 1.479167 1.355913 3.513019 12.576149 1.646583 41.069889 -2.155923 0
150 6 Car 0 0 -1.629437 623.54582 174.58373 641.93101 189.80426 1.4084559 1.5691729 3.2262450 2.2345100 1.603296 65.037830 -1.598781 1
150 10 Car 0 0 -1.716191 664.952092 174.169365 690.869435 191.777792 1.448468 1.606648 4.202972 5.799289 1.589389 62.150873 -1.623940 0
150 12 Car 0 1 -2.448335 798.850947 175.591488 864.853148 202.906932 1.479167 1.355913 3.513019 12.560137 1.658798 41.090623 -2.154124 0
151 6 Car 1 0 -1.627706 622.58536 174.48014 640.25562 189.17370 1.4084559 1.5691729 3.2262450 2.2049669 1.6009709 66.361794 -1.598796 1
151 10 Car 0 0 -1.710233 663.273359 174.102362 688.376511 191.333274 1.448468 1.606648 4.202972 5.741403 1.586037 63.465084 -1.620776 0
151 12 Car 0 1 -2.445373 798.006354 175.277164 863.835434 202.551161 1.479167 1.355913 3.513019 12.523161 1.641541 41.142969 -2.152326 0
152 6 Car 1 0 -1.625975 621.62490 174.37656 638.58022 188.54314 1.4084559 1.5691729 3.2262450 2.175424 1.5986459 67.685758 -1.598810 1
152 10 Car 0 0 -1.704387 661.660881 174.038163 685.987700 190.907433 1.448468 1.606648 4.202972 5.683518 1.582685 64.779294 -1.617611 0
152 12 Car 0 1 -2.442413 797.164060 174.963620 862.820125 202.196320 1.479167 1.355913 3.513019 12.486186 1.624283 41.195316 -2.150527 0
153 6 Car 1 0 -1.624244 620.66444 174.27298 636.90483 187.91259 1.4084559 1.5691729 3.2262450 2.1458810 1.5963209 69.009722 -1.598826 1
153 10 Car 0 0 -1.698541 660.04840 173.97396 683.59888 190.48159 1.4484680 1.6066480 4.2029719 5.6256330 1.5793329 66.093503 -1.614445 1
153 12 Car 0 1 -2.439456 796.324058 174.650851 861.807214 201.842406 1.479167 1.355913 3.513019 12.449210 1.607025 41.247662 -2.148729 0
154 10 Car 0 0 -1.692695 658.43592 173.90976 681.21007 190.05575 1.4484680 1.6066480 4.2029719 5.5677480 1.5759810 67.407713 -1.611280 1
154 12 Car 0 1 -2.436501 795.486337 174.338855 860.796691 201.489415 1.479167 1.355913 3.513019 12.412234 1.589768 41.300009 -2.146931 0
155 10 Car 1 0 -1.686849 656.82344 173.84556 678.82126 189.62990 1.4484680 1.6066480 4.2029719 5.5098629 1.5726290 68.721923 -1.608115 1
155 12 Car 0 1 -2.433548 794.650889 174.027629 859.788549 201.137344 1.479167 1.355913 3.513019 12.375259 1.572510 41.352356 -2.145132 0
156 10 Car 1 0 -1.681003 655.21096 173.78136 676.43245 189.20406 1.4484680 1.6066480 4.2029719 5.4519780 1.5692769 70.036133 -1.604950 1
156 12 Car 0 1 -2.432108 792.698431 174.356228 857.542377 201.380793 1.479167 1.355913 3.513019 12.294843 1.591122 41.484975 -2.146335 0
157 10 Car 1 0 -1.675157 653.59849 173.71716 674.04364 188.77822 1.4484680 1.6066480 4.2029719 5.3940930 1.565925 71.350343 -1.601785 1
157 12 Car 0 0 -2.430680 790.757968 174.682647 855.311064 201.622611 1.479167 1.355913 3.513019 12.214427 1.609733 41.617594 -2.147537 0
158 12 Car 0 0 -2.429266 788.829388 175.006909 853.094462 201.862816 1.479167 1.355913 3.513019 12.134012 1.628345 41.750213 -2.148740 0
159 12 Car 0 0 -2.427863 786.912583 175.329035 850.892427 202.101422 1.479167 1.355913 3.513019 12.053596 1.646957 41.882832 -2.149943 0
160 12 Car 0 0 -2.426474 785.007446 175.649044 848.704813 202.338447 1.479167 1.355913 3.513019 11.973180 1.665568 42.015451 -2.151145 0
161 12 Car 0 0 -2.423530 781.964794 175.465526 845.197744 202.010467 1.479167 1.355913 3.513019 11.842936 1.655927 42.227870 -2.152348 0
162 12 Car 0 0 -2.420619 778.951607 175.283909 841.726972 201.685926 1.479167 1.355913 3.513019 11.712691 1.646285 42.440288 -2.153551 0
163 12 Car 0 0 -2.417739 775.967461 175.104165 838.291936 201.364769 1.479167 1.355913 3.513019 11.582447 1.636643 42.652707 -2.154753 0
164 12 Car 0 0 -2.414890 773.011937 174.926264 834.892088 201.046944 1.479167 1.355913 3.513019 11.452203 1.627002 42.865125 -2.155956 0
165 12 Car 0 0 -2.412072 770.084626 174.750179 831.526889 200.732399 1.479167 1.355913 3.513019 11.321958 1.617360 43.077544 -2.157159 0
166 12 Car 0 0 -2.391643 766.817786 174.845156 827.326210 200.669879 1.479167 1.355913 3.513019 11.168268 1.623630 43.345247 -2.141533 0
167 12 Car 0 0 -2.371261 763.600414 174.939144 823.166088 200.607942 1.479167 1.355913 3.513019 11.014578 1.629900 43.612950 -2.125907 0
168 12 Car 0 0 -2.350925 760.431443 175.032158 819.045951 200.546575 1.479167 1.355913 3.513019 10.860888 1.636171 43.880653 -2.110281 0
169 12 Car 0 0 -2.330636 757.309832 175.124214 814.965244 200.485769 1.479167 1.355913 3.513019 10.707198 1.642441 44.148355 -2.094655 0
170 12 Car 0 0 -2.309402 753.546378 175.021438 810.073026 200.172703 1.479167 1.355913 3.513019 10.528834 1.637379 44.510548 -2.079029 0
171 12 Car 0 0 -2.288243 749.852172 174.920358 805.249740 199.864652 1.479167 1.355913 3.513019 10.350470 1.632316 44.872741 -2.063403 0
172 12 Car 0 0 -2.267159 746.225370 174.820938 800.493939 199.561501 1.479167 1.355913 3.513019 10.172107 1.627254 45.234934 -2.047777 0
173 12 Car 0 0 -2.246148 742.664186 174.723140 795.804220 199.263136 1.479167 1.355913 3.513019 9.993743 1.622192 45.597126 -2.032151 0
174 12 Car 0 0 -2.224798 738.883538 174.624385 790.832924 198.944835 1.479167 1.355913 3.513019 9.803974 1.617070 45.999257 -2.016525 0
175 12 Car 0 0 -2.203534 735.175883 174.527394 785.938967 198.632067 1.479167 1.355913 3.513019 9.614205 1.611948 46.401387 -2.000899 0
176 12 Car 0 0 -2.185252 731.463428 174.703961 781.082298 198.570631 1.479167 1.355913 3.513019 9.431713 1.624111 46.856993 -1.988247 0
177 12 Car 0 0 -2.167066 727.826729 174.877220 776.314202 198.510305 1.479167 1.355913 3.513019 9.249220 1.636274 47.312599 -1.975595 0
178 12 Car 0 0 -2.148974 724.263522 175.047263 771.632265 198.451058 1.479167 1.355913 3.513019 9.066727 1.648437 47.768206 -1.962943 0
179 12 Car 0 0 -2.131229 720.975554 175.211077 767.210139 198.369454 1.479167 1.355913 3.513019 8.904523 1.660531 48.264376 -1.950291 0
180 12 Car 0 0 -2.113578 717.758173 175.371629 762.873776 198.289460 1.479167 1.355913 3.513019 8.742319 1.672625 48.760546 -1.937639 0
181 12 Car 0 0 -2.096019 714.609163 175.529015 758.620691 198.211029 1.479167 1.355913 3.513019 8.580114 1.684719 49.256717 -1.924987 0
182 12 Car 0 0 -2.078685 711.614050 175.588053 754.564955 198.050362 1.479167 1.355913 3.513019 8.420374 1.690329 49.726331 -1.912334 0
183 12 Car 0 0 -2.061431 708.678388 175.646044 750.581182 197.892712 1.479167 1.355913 3.513019 8.260633 1.695939 50.195946 -1.899682 0
184 12 Car 0 0 -2.044255 705.800443 175.703017 746.667469 197.737993 1.479167 1.355913 3.513019 8.100893 1.701549 50.665561 -1.887030 0
185 12 Car 0 0 -2.027156 702.978547 175.758999 742.821984 197.586123 1.479167 1.355913 3.513019 7.941152 1.707159 51.135175 -1.874378 0
186 12 Car 0 0 -2.011239 700.230760 177.187749 738.932873 198.723504 1.479167 1.355913 3.513019 7.812970 1.809596 51.831840 -1.862902 0
187 12 Car 0 0 -1.995433 697.557517 178.578278 735.145281 199.829434 1.479167 1.355913 3.513019 7.684787 1.912034 52.528505 -1.851425 0
188 12 Car 0 0 -1.979736 694.955863 179.932084 731.455254 200.905181 1.479167 1.355913 3.513019 7.556605 2.014471 53.225170 -1.839948 0
189 12 Car 0 0 -1.964142 692.422997 181.250590 727.859042 201.951943 1.479167 1.355913 3.513019 7.428422 2.116909 53.921834 -1.828472 0
190 12 Car 0 0 -1.947752 689.273597 181.330666 723.692839 201.795688 1.479167 1.355913 3.513019 7.236497 2.129581 54.522602 -1.816995 0
191 12 Car 0 0 -1.931463 686.194433 181.409000 719.615778 201.642871 1.479167 1.355913 3.513019 7.044572 2.142254 55.123370 -1.805519 0
192 12 Car 0 0 -1.915272 683.183192 181.485648 715.625027 201.493377 1.479167 1.355913 3.513019 6.852646 2.154927 55.724138 -1.794042 0
193 12 Car 0 0 -1.902888 679.430630 182.226758 711.081649 202.050856 1.479167 1.355913 3.513019 6.596587 2.218150 56.259980 -1.787275 0
194 12 Car 0 0 -1.890603 675.748519 182.917077 706.624533 202.597387 1.479167 1.355913 3.513019 6.340528 2.281373 56.795822 -1.780508 0
195 12 Car 0 0 -1.878415 672.134893 183.594953 702.251247 203.133284 1.479167 1.355913 3.513019 6.084469 2.344596 57.331664 -1.773741 0
196 12 Car 0 0 -1.866320 668.587858 184.260723 697.959451 203.658851 1.479167 1.355913 3.513019 5.828410 2.407819 57.867506 -1.766974 0
197 12 Car 0 0 -1.854317 665.105590 184.914711 693.746890 204.174382 1.479167 1.355913 3.513019 5.572350 2.471042 58.403348 -1.760207 0
198 12 Car 0 0 -1.843155 662.203425 185.850575 690.207263 205.026776 1.479167 1.355913 3.513019 5.352269 2.557153 58.837429 -1.753440 0
199 12 Car 0 0 -1.832054 659.343865 186.773232 686.719440 205.866175 1.479167 1.355913 3.513019 5.132187 2.643265 59.271511 -1.746672 0
200 12 Car 0 0 -1.819324 655.300211 186.666578 682.022517 205.636017 1.479167 1.355913 3.513019 4.803134 2.641210 59.630454 -1.739905 0
201 12 Car 0 0 -1.806660 651.305085 186.561164 677.381675 205.408681 1.479167 1.355913 3.513019 4.474081 2.639155 59.989397 -1.733138 0
202 12 Car 0 0 -1.794061 647.350033 185.777285 672.787665 204.461305 1.479167 1.355913 3.513019 4.144409 2.578512 60.348952 -1.726371 0
203 12 Car 0 0 -1.813540 643.731551 184.737006 669.714316 203.224658 1.479167 1.355913 3.513019 3.889815 2.494837 60.739167 -1.750421 0
204 12 Car 0 0 -1.833075 640.162394 183.709992 666.675870 202.003499 1.479167 1.355913 3.513019 3.635220 2.411161 61.129383 -1.774470 0
205 12 Car 0 0 -1.823124 638.169265 182.422231 664.180014 200.538776 1.479167 1.355913 3.513019 3.464031 2.303113 61.451374 -1.767569 0
206 12 Car 0 0 -1.813204 636.197402 181.106634 661.709645 199.089870 1.479167 1.355913 3.513019 3.292842 2.195064 61.773366 -1.760668 0
207 12 Car 0 0 -1.818588 635.724608 180.568105 661.303604 198.459012 1.479167 1.355913 3.513019 3.271577 2.153473 62.075829 -1.766639 0
208 12 Car 0 0 -1.823978 635.256624 180.035044 660.901209 197.834398 1.479167 1.355913 3.513019 3.250312 2.111882 62.378292 -1.772611 0
209 12 Car 0 0 -1.805876 636.283394 179.525916 661.355316 197.374100 1.479167 1.355913 3.513019 3.305018 2.067039 62.201561 -1.753483 0
210 12 Car 0 0 -1.787779 637.319589 179.013546 661.807555 196.910992 1.479167 1.355913 3.513019 3.359724 2.022196 62.024829 -1.734354 0
211 12 Car 0 0 -1.768366 642.280585 179.068834 665.911249 196.845540 1.479167 1.355913 3.513019 3.774905 2.029905 62.428704 -1.708688 0
212 12 Car 0 0 -1.750010 647.993683 179.114023 670.810798 196.771084 1.479167 1.355913 3.513019 4.262564 2.036808 62.832570 -1.683022 0
213 12 Car 0 0 -1.731555 653.638815 179.158746 675.641790 196.697278 1.479167 1.355913 3.513019 4.750222 2.043711 63.236436 -1.657355 0
214 12 Car 0 0 -1.718717 663.295830 179.133055 684.668917 196.520098 1.479167 1.355913 3.513019 5.616387 2.045659 63.761076 -1.631689 0
215 12 Car 0 0 -1.705641 672.800073 179.107864 693.543129 196.345624 1.479167 1.355913 3.513019 6.482551 2.047607 64.285716 -1.606023 0
216 12 Car 0 0 -1.700614 686.530835 177.824168 707.097994 195.026619 1.479167 1.355913 3.513019 7.711977 1.936693 64.399376 -1.582371 0
217 12 Car 0 0 -1.696651 701.081938 176.340720 721.522478 193.508660 1.479167 1.355913 3.513019 9.021374 1.808054 64.514131 -1.558720 0
218 12 Car 0 0 -1.698220 719.718991 175.613465 740.270136 192.749200 1.479167 1.355913 3.513019 10.710908 1.744865 64.623718 -1.535068 0
219 12 Car 0 0 -1.700574 739.072018 174.318353 759.780624 191.423547 1.479167 1.355913 3.513019 12.472019 1.631921 64.731232 -1.511416 0
220 12 Car 0 0 -1.702589 758.360177 173.027238 779.226880 190.102963 1.479167 1.355913 3.513019 14.233129 1.518977 64.838746 -1.487765 0
