0 1 Car 0 0 0.155801 459.621030 180.293358 566.834571 217.035394 1.484782 1.801123 4.311152 -4.116644 1.826652 30.902068 0.023919 0
0 3 Car 0 0 1.654174 654.989751 180.244977 688.725257 206.880017 1.688593 1.877292 4.500000 4.187615 2.199353 48.523727 1.739185 0
1 1 Car 0 0 0.094050 473.380554 180.027445 578.368093 216.809494 1.484782 1.801123 4.311152 -3.575880 1.816356 30.960071 -0.020544 0
1 3 Car 0 0 1.654155 654.990426 180.243042 688.724857 206.878045 1.688593 1.877292 4.500000 4.187603 2.199215 48.523494 1.739166 0
2 1 Car 0 0 0.032294 487.284054 179.760494 591.294463 216.579696 1.484782 1.801123 4.311152 -3.035117 1.806061 31.018075 -0.065008 0
2 3 Car 0 1 1.654135 654.991102 180.241107 688.724458 206.876073 1.688593 1.877292 4.500000 4.187591 2.199076 48.523260 1.739147 0
3 1 Car 0 0 -0.023302 499.884500 179.736553 603.451600 216.541428 1.484782 1.801123 4.311152 -2.555442 1.806123 31.106616 -0.105175 0
3 3 Car 0 1 1.654116 654.991778 180.239172 688.724058 206.874101 1.688593 1.877292 4.500000 4.187580 2.198938 48.523026 1.739128 0
4 1 Car 0 0 -0.078849 512.092125 179.713812 615.382199 216.500156 1.484782 1.801123 4.311152 -2.075768 1.806184 31.195157 -0.145343 0
4 3 Car 2 2 1.654097 654.992454 180.237237 688.723658 206.872128 1.688593 1.877292 4.500000 4.187568 2.198799 48.522792 1.739109 0
5 1 Car 0 0 -0.134341 522.484161 179.692260 627.088087 216.455750 1.484782 1.801123 4.311152 -1.596093 1.806246 31.283699 -0.185511 0
5 3 Car 0 1 1.654078 654.993130 180.235302 688.723259 206.870156 1.688593 1.877292 4.500000 4.187556 2.198661 48.522559 1.739090 0
6 1 Car 0 0 -0.193312 533.488479 179.601333 638.848135 216.222570 1.484782 1.801123 4.311152 -1.101483 1.804189 31.469332 -0.228639 0
6 3 Car 0 0 1.654059 654.993806 180.233367 688.722859 206.868184 1.688593 1.877292 4.500000 4.187544 2.198522 48.522325 1.739071 0
7 1 Car 0 0 -0.252116 544.528341 179.513115 650.295321 215.987093 1.484782 1.801123 4.311152 -0.606873 1.802133 31.654966 -0.271767 0
7 3 Car 0 0 1.654040 654.994482 180.231432 688.722460 206.866212 1.688593 1.877292 4.500000 4.187532 2.198384 48.522091 1.739052 0
8 1 Car 0 0 -0.310748 555.605131 179.427541 661.437003 215.749257 1.484782 1.801123 4.311152 -0.112264 1.800077 31.840600 -0.314896 0
8 3 Car 0 1 1.654020 654.995158 180.229497 688.722060 206.864240 1.688593 1.877292 4.500000 4.187520 2.198245 48.521857 1.739033 0
9 1 Car 0 0 -0.371532 566.840486 179.401064 672.142299 215.476386 1.484782 1.801123 4.311152 0.383473 1.801249 32.106772 -0.360346 0
9 3 Car 0 1 1.654001 654.995834 180.227562 688.721660 206.862267 1.688593 1.877292 4.500000 4.187509 2.198107 48.521624 1.739014 0
10 1 Car 0 0 -0.432061 578.071951 179.376335 682.493890 215.202219 1.484782 1.801123 4.311152 0.879210 1.802421 32.372945 -0.405797 0
10 3 Car 0 1 1.653982 654.996510 180.225627 688.721261 206.860295 1.688593 1.877292 4.500000 4.187497 2.197968 48.521390 1.738995 0
11 1 Car 0 0 -0.492334 589.299959 179.353287 692.504161 214.926733 1.484782 1.801123 4.311152 1.374947 1.803594 32.639117 -0.451247 0
11 3 Car 0 2 1.653963 654.997186 180.223692 688.720861 206.858323 1.688593 1.877292 4.500000 4.187485 2.197830 48.521156 1.738976 0
12 1 Car 0 0 -0.552352 600.524416 179.331855 702.185425 214.649920 1.484782 1.801123 4.311152 1.870684 1.804766 32.905289 -0.496698 0
12 3 Car 0 2 1.653944 654.997863 180.221757 688.720461 206.856351 1.688593 1.877292 4.500000 4.187473 2.197691 48.520922 1.738957 0
13 1 Car 0 0 -0.616553 611.447614 179.458901 710.773849 214.393798 1.484782 1.801123 4.311152 2.351411 1.813879 33.296837 -0.547294 0
13 3 Car 0 2 1.653925 654.998539 180.219822 688.720062 206.854378 1.688593 1.877292 4.500000 4.187461 2.197553 48.520689 1.738938 0
14 1 Car 0 0 -0.680416 622.318481 179.583461 718.984486 214.136849 1.484782 1.801123 4.311152 2.832137 1.822993 33.688385 -0.597891 0
14 3 Car 0 2 1.653905 654.999215 180.217887 688.719662 206.852406 1.688593 1.877292 4.500000 4.187449 2.197414 48.520455 1.738919 0
15 1 Car 0 0 -0.743948 633.136076 179.705637 726.836695 213.879093 1.484782 1.801123 4.311152 3.312864 1.832106 34.079933 -0.648488 0
15 3 Car 0 2 1.653886 654.999891 180.215952 688.719262 206.850433 1.688593 1.877292 4.500000 4.187438 2.197276 48.520221 1.738900 0
16 1 Car 0 0 -0.807158 643.898799 179.825524 734.349212 213.620574 1.484782 1.801123 4.311152 3.793590 1.841220 34.471481 -0.699085 0
16 3 Car 0 2 1.653867 655.000567 180.214017 688.718863 206.848461 1.688593 1.877292 4.500000 4.187426 2.197137 48.519988 1.738881 0
17 1 Car 0 0 -0.865872 653.747911 179.601409 740.514403 212.848747 1.484782 1.801123 4.311152 4.245003 1.834741 35.000220 -0.746778 0
17 3 Car 0 2 1.653848 655.001243 180.212082 688.718463 206.846489 1.688593 1.877292 4.500000 4.187414 2.196999 48.519754 1.738862 0
18 1 Car 0 0 -0.924233 663.457413 179.386084 746.373059 212.094039 1.484782 1.801123 4.311152 4.696416 1.828262 35.528959 -0.794470 0
18 3 Car 0 1 1.653829 655.001919 180.210146 688.718063 206.844516 1.688593 1.877292 4.500000 4.187402 2.196860 48.519520 1.738843 0
19 1 Car 0 0 -0.982256 673.028532 179.179042 751.944445 211.355999 1.484782 1.801123 4.311152 5.147829 1.821783 36.057698 -0.842163 0
19 3 Car 0 1 1.653809 655.002595 180.208211 688.717663 206.842544 1.688593 1.877292 4.500000 4.187390 2.196722 48.519286 1.738824 0
20 1 Car 0 0 -1.039953 682.462010 178.979803 757.246778 210.634205 1.484782 1.801123 4.311152 5.599241 1.815304 36.586436 -0.889856 0
20 3 Car 0 0 1.653790 655.003272 180.206276 688.717264 206.840571 1.688593 1.877292 4.500000 4.187378 2.196583 48.519053 1.738805 0
21 1 Car 0 0 -1.088576 689.542244 179.369772 760.344677 210.466304 1.484782 1.801123 4.311152 5.961699 1.840886 37.231834 -0.931597 0
21 3 Car 0 0 1.653771 655.003948 180.204341 688.716864 206.838599 1.688593 1.877292 4.500000 4.187367 2.196445 48.518819 1.738786 0
22 1 Car 0 0 -1.136952 696.469739 179.745849 763.270700 210.300724 1.484782 1.801123 4.311152 6.324157 1.866469 37.877231 -0.973337 0
22 3 Car 0 0 1.653752 655.004624 180.202406 688.716464 206.836626 1.688593 1.877292 4.500000 4.187355 2.196306 48.518585 1.738767 0
23 1 Car 0 0 -1.185093 703.248164 180.108833 766.036907 210.137403 1.484782 1.801123 4.311152 6.686615 1.892052 38.522629 -1.015078 0
23 3 Car 0 0 1.653733 655.005300 180.200470 688.716064 206.834653 1.688593 1.877292 4.500000 4.187343 2.196167 48.518351 1.738748 0
24 1 Car 0 0 -1.233012 709.880810 180.459470 768.654574 209.976288 1.484782 1.801123 4.311152 7.049073 1.917635 39.168026 -1.056819 0
24 3 Car 0 0 1.653714 655.005977 180.198535 688.715665 206.832681 1.688593 1.877292 4.500000 4.187331 2.196029 48.518118 1.738729 0
25 1 Car 0 0 -1.298044 716.650923 180.155425 770.184093 209.060201 1.484782 1.801123 4.311152 7.401595 1.906551 39.860134 -1.116321 0
25 3 Car 0 0 1.653694 655.006653 180.196600 688.715265 206.830708 1.688593 1.877292 4.500000 4.187319 2.195890 48.517884 1.738710 0
26 1 Car 0 0 -1.362879 723.316789 179.863945 771.570378 208.170612 1.484782 1.801123 4.311152 7.754118 1.895466 40.552241 -1.175823 0
26 3 Car 0 0 1.653675 655.007329 180.194665 688.714865 206.828736 1.688593 1.877292 4.500000 4.187307 2.195752 48.517650 1.738691 0
27 1 Car 0 0 -1.366269 726.447347 180.245282 773.610633 208.038734 1.484782 1.801123 4.311152 8.046293 1.925568 41.312809 -1.175788 0
27 3 Car 0 0 1.653656 655.008005 180.192729 688.714465 206.826763 1.688593 1.877292 4.500000 4.187296 2.195613 48.517416 1.738672 0
28 1 Car 0 0 -1.369533 729.460167 180.613357 775.579906 207.911903 1.484782 1.801123 4.311152 8.338468 1.955670 42.073378 -1.175753 0
28 3 Car 0 0 1.653637 655.008682 180.190794 688.714065 206.824790 1.688593 1.877292 4.500000 4.187284 2.195475 48.517183 1.738653 0
29 1 Car 0 0 -1.420998 732.991276 180.481700 774.797335 207.193364 1.484782 1.801123 4.311152 8.574854 1.955208 42.867170 -1.225423 0
29 3 Car 0 0 1.653618 655.009358 180.188859 688.713666 206.822818 1.688593 1.877292 4.500000 4.187272 2.195336 48.516949 1.738634 0
30 1 Car 0 0 -1.472398 736.456245 180.355754 773.998482 206.498945 1.484782 1.801123 4.311152 8.811240 1.954746 43.660961 -1.275093 0
30 3 Car 0 0 1.653598 655.010034 180.186923 688.713266 206.820845 1.688593 1.877292 4.500000 4.187260 2.195198 48.516715 1.738615 0
31 1 Car 0 0 -1.482674 738.549170 181.008799 774.721289 206.708505 1.484782 1.801123 4.311152 9.059446 2.004871 44.467398 -1.283517 0
31 3 Car 0 0 1.653579 655.010711 180.184988 688.712866 206.818872 1.688593 1.877292 4.500000 4.187248 2.195059 48.516482 1.738596 0
32 1 Car 0 0 -1.492883 740.566989 181.639164 775.417811 206.911175 1.484782 1.801123 4.311152 9.307651 2.054997 45.273835 -1.291941 0
32 3 Car 0 0 1.653560 655.011387 180.183053 688.712466 206.816899 1.688593 1.877292 4.500000 4.187236 2.194921 48.516248 1.738577 0
33 1 Car 0 0 -1.499835 742.249678 181.649587 775.993141 206.429033 1.484782 1.801123 4.311152 9.557198 2.066166 46.141723 -1.297395 0
33 3 Car 0 0 1.653541 655.012063 180.181117 688.712066 206.814926 1.688593 1.877292 4.500000 4.187225 2.194782 48.516014 1.738558 0
34 1 Car 0 0 -1.506732 743.868849 181.659645 776.547392 205.965210 1.484782 1.801123 4.311152 9.806746 2.077334 47.009612 -1.302849 0
34 3 Car 0 0 1.653522 655.012740 180.179182 688.711666 206.812954 1.688593 1.877292 4.500000 4.187213 2.194644 48.515780 1.738539 0
35 1 Car 0 0 -1.513576 745.428048 181.669357 777.081684 205.518681 1.484782 1.801123 4.311152 10.056293 2.088503 47.877500 -1.308303 0
35 3 Car 0 0 1.653503 655.013416 180.177246 688.711266 206.810981 1.688593 1.877292 4.500000 4.187201 2.194505 48.515547 1.738520 0
36 1 Car 0 0 -1.520370 746.930563 181.678740 777.597060 205.088496 1.484782 1.801123 4.311152 10.305840 2.099672 48.745389 -1.313757 0
36 3 Car 0 0 1.653483 655.014093 180.175311 688.710867 206.809008 1.688593 1.877292 4.500000 4.187189 2.194367 48.515313 1.738501 0
37 1 Car 0 0 -1.527116 748.379447 181.687812 778.094493 204.673774 1.484782 1.801123 4.311152 10.555388 2.110841 49.613277 -1.319210 0
37 3 Car 0 0 1.653464 655.014769 180.173375 688.710467 206.807035 1.688593 1.877292 4.500000 4.187177 2.194228 48.515079 1.738482 0
38 1 Car 0 0 -1.532525 748.950429 182.161915 777.761478 204.726425 1.484782 1.801123 4.311152 10.769831 2.157135 50.585711 -1.324458 0
38 3 Car 0 0 1.653445 655.015446 180.171440 688.710067 206.805062 1.688593 1.877292 4.500000 4.187165 2.194090 48.514845 1.738463 0
39 1 Car 0 0 -1.537927 749.499650 182.618645 777.440316 204.776999 1.484782 1.801123 4.311152 10.984275 2.203430 51.558146 -1.329705 0
39 3 Car 0 0 1.653426 655.016122 180.169504 688.709667 206.803089 1.688593 1.877292 4.500000 4.187153 2.193951 48.514612 1.738444 0
40 1 Car 0 0 -1.543324 750.028347 183.058942 777.130371 204.825616 1.484782 1.801123 4.311152 11.198718 2.249725 52.530580 -1.334952 0
40 3 Car 0 0 1.653407 655.016798 180.167569 688.709267 206.801116 1.688593 1.877292 4.500000 4.187142 2.193813 48.514378 1.738425 0
41 1 Car 0 0 -1.548715 750.537666 183.483678 776.831050 204.872384 1.484782 1.801123 4.311152 11.413161 2.296020 53.503014 -1.340199 0
41 3 Car 0 0 1.653388 655.017475 180.165633 688.708867 206.799143 1.688593 1.877292 4.500000 4.187130 2.193674 48.514144 1.738406 0
42 1 Car 0 0 -1.554102 751.028668 183.893666 776.654567 204.917405 1.484782 1.801123 4.311152 11.627605 2.342315 54.475449 -1.345446 0
42 3 Car 0 0 1.653368 655.018151 180.163698 688.708467 206.797170 1.688593 1.877292 4.500000 4.187118 2.193536 48.513910 1.738387 0
43 1 Car 0 0 -1.557241 751.048427 183.667165 776.193268 204.281858 1.484782 1.801123 4.311152 11.818049 2.339590 55.478163 -1.348962 0
43 3 Car 0 0 1.653349 655.018828 180.161762 688.708067 206.795197 1.688593 1.877292 4.500000 4.187106 2.193397 48.513677 1.738368 0
44 1 Car 0 0 -1.560394 751.067624 183.448482 775.748913 203.669542 1.484782 1.801123 4.311152 12.008492 2.336866 56.480878 -1.352479 0
44 3 Car 0 0 1.653330 655.019505 180.159827 688.707667 206.793224 1.688593 1.877292 4.500000 4.187094 2.193259 48.513443 1.738349 0
45 1 Car 0 0 -1.563559 751.086287 183.237218 775.320576 203.079205 1.484782 1.801123 4.311152 12.198936 2.334141 57.483593 -1.355995 0
45 3 Car 0 0 1.653311 655.020181 180.157891 688.707267 206.791251 1.688593 1.877292 4.500000 4.187082 2.193120 48.513209 1.738331 0
46 1 Car 0 0 -1.566736 751.104445 183.033003 774.907398 202.509687 1.484782 1.801123 4.311152 12.389380 2.331416 58.486307 -1.359511 0
46 3 Car 0 0 1.653292 655.020858 180.155955 688.706867 206.789278 1.688593 1.877292 4.500000 4.187071 2.192982 48.512976 1.738312 0
47 1 Car 0 0 -1.569924 751.122121 182.835488 774.508579 201.959903 1.484782 1.801123 4.311152 12.579824 2.328692 59.489022 -1.363028 0
47 3 Car 0 0 1.653272 655.021534 180.154020 688.706467 206.787305 1.688593 1.877292 4.500000 4.187059 2.192843 48.512742 1.738293 0
48 1 Car 0 0 -1.569076 750.632491 183.076190 773.589434 201.870091 1.484782 1.801123 4.311152 12.748325 2.364228 60.550900 -1.363045 0
48 3 Car 0 0 1.653253 655.022211 180.152084 688.706067 206.785332 1.688593 1.877292 4.500000 4.187047 2.192705 48.512508 1.738274 0
49 1 Car 0 0 -1.568258 750.160277 183.308848 772.703197 201.783474 1.484782 1.801123 4.311152 12.916827 2.399765 61.612779 -1.363063 0
49 3 Car 0 0 1.653234 655.022887 180.150149 688.705667 206.783359 1.688593 1.877292 4.500000 4.187035 2.192566 48.512274 1.738255 0
50 1 Car 0 0 -1.567467 749.704566 183.533859 771.848129 201.699885 1.484782 1.801123 4.311152 13.085328 2.435301 62.674658 -1.363080 0
50 3 Car 0 0 1.653215 655.023564 180.148213 688.705267 206.781386 1.688593 1.877292 4.500000 4.187023 2.192428 48.512041 1.738236 0
51 1 Car 0 0 -1.566703 749.264506 183.751595 771.022617 201.619167 1.484782 1.801123 4.311152 13.253830 2.470838 63.736537 -1.363098 0
51 3 Car 0 0 1.653196 655.024241 180.146277 688.704867 206.779412 1.688593 1.877292 4.500000 4.187011 2.192289 48.511807 1.738217 0
52 1 Car 0 0 -1.565964 748.839307 183.962401 770.225153 201.541176 1.484782 1.801123 4.311152 13.422331 2.506374 64.798416 -1.363115 0
52 3 Car 0 0 1.653177 655.024917 180.144341 688.704467 206.777439 1.688593 1.877292 4.500000 4.187000 2.192151 48.511573 1.738198 0
53 1 Car 0 0 -1.572200 748.672629 184.115959 769.686465 201.400355 1.484782 1.801123 4.311152 13.606129 2.537755 65.904914 -1.369993 0
53 3 Car 0 0 1.653157 655.025594 180.142406 688.704067 206.775466 1.688593 1.877292 4.500000 4.186988 2.192012 48.511339 1.738179 0
54 1 Car 0 0 -1.578456 748.512066 184.264561 769.165740 201.264248 1.484782 1.801123 4.311152 13.789927 2.569136 67.011413 -1.376871 0
54 3 Car 0 0 1.653138 655.026271 180.140470 688.703667 206.773493 1.688593 1.877292 4.500000 4.186976 2.191874 48.511106 1.738160 0
55 1 Car 0 0 -1.584732 748.232947 184.408445 768.662065 201.132619 1.484782 1.801123 4.311152 13.973725 2.600517 68.117912 -1.383749 0
55 3 Car 0 0 1.653119 655.026947 180.138534 688.703267 206.771519 1.688593 1.877292 4.500000 4.186964 2.191735 48.510872 1.738141 0
56 1 Car 0 0 -1.591028 747.789888 184.547833 768.174586 201.005251 1.484782 1.801123 4.311152 14.157523 2.631898 69.224410 -1.390627 0
56 3 Car 0 0 1.653100 655.027624 180.136598 688.702867 206.769546 1.688593 1.877292 4.500000 4.186952 2.191596 48.510638 1.738122 0
57 1 Car 0 0 -1.597341 747.360727 184.682934 767.702507 200.881939 1.484782 1.801123 4.311152 14.341321 2.663279 70.330909 -1.397505 0
57 3 Car 0 0 1.653081 655.028301 180.134663 688.702467 206.767573 1.688593 1.877292 4.500000 4.186940 2.191458 48.510404 1.738103 0
58 1 Car 0 0 -1.596491 746.858523 184.720648 766.825246 200.649948 1.484782 1.801123 4.311152 14.512863 2.686249 71.497794 -1.397527 0
58 3 Car 0 0 1.653062 655.028977 180.132727 688.702067 206.765599 1.688593 1.877292 4.500000 4.186929 2.191319 48.510171 1.738084 0
59 1 Car 0 0 -1.595668 746.371953 184.757183 765.977072 200.425615 1.484782 1.801123 4.311152 14.684404 2.709220 72.664679 -1.397550 0
59 3 Car 0 0 1.653042 655.029654 180.130791 688.701667 206.763626 1.688593 1.877292 4.500000 4.186917 2.191181 48.509937 1.738065 0
60 1 Car 0 0 -1.594871 745.900300 184.792594 765.156560 200.208566 1.484782 1.801123 4.311152 14.855946 2.732191 73.831564 -1.397572 0
60 3 Car 0 0 1.653023 655.030331 180.128855 688.701267 206.761653 1.688593 1.877292 4.500000 4.186905 2.191042 48.509703 1.738046 0
61 1 Car 0 0 -1.594100 745.442888 184.826931 764.362381 199.998454 1.484782 1.801123 4.311152 15.027488 2.755161 74.998449 -1.397595 0
61 3 Car 0 0 1.653004 655.031008 180.126919 688.700867 206.759679 1.688593 1.877292 4.500000 4.186893 2.190904 48.509469 1.738027 0
62 1 Car 0 0 -1.593353 744.999080 184.860242 763.593285 199.794949 1.484782 1.801123 4.311152 15.199030 2.778132 76.165334 -1.397617 0
62 3 Car 0 0 1.652985 655.031684 180.124984 688.700466 206.757706 1.688593 1.877292 4.500000 4.186881 2.190765 48.509236 1.738008 0
63 1 Car 0 0 -1.592814 744.689919 184.884911 762.977140 199.589036 1.484782 1.801123 4.311152 15.384657 2.800315 77.335529 -1.397659 0
63 3 Car 0 0 1.652966 655.032361 180.123048 688.700066 206.755732 1.688593 1.877292 4.500000 4.186869 2.190627 48.509002 1.737989 0
64 1 Car 0 0 -1.592292 744.389712 184.908863 762.379911 199.389420 1.484782 1.801123 4.311152 15.570285 2.822498 78.505723 -1.397700 0
64 3 Car 0 0 1.652946 655.033038 180.121112 688.699666 206.753759 1.688593 1.877292 4.500000 4.186858 2.190488 48.508768 1.737970 0
65 1 Car 0 0 -1.591787 744.098076 184.932129 761.800742 199.195815 1.484782 1.801123 4.311152 15.755912 2.844682 79.675918 -1.397742 0
65 3 Car 0 0 1.652927 655.033715 180.119176 688.699266 206.751785 1.688593 1.877292 4.500000 4.186846 2.190350 48.508535 1.737951 0
66 3 Car 0 0 1.652908 655.034392 180.117240 688.698866 206.749812 1.688593 1.877292 4.500000 4.186834 2.190211 48.508301 1.737932 0
67 3 Car 0 0 1.652889 655.035069 180.115304 688.698466 206.747838 1.688593 1.877292 4.500000 4.186822 2.190073 48.508067 1.737913 0
68 3 Car 0 0 1.652870 655.035745 180.113368 688.698066 206.745864 1.688593 1.877292 4.500000 4.186810 2.189934 48.507833 1.737894 0
69 3 Car 0 0 1.652851 655.036422 180.111432 688.697665 206.743891 1.688593 1.877292 4.500000 4.186798 2.189796 48.507600 1.737875 0
70 3 Car 0 0 1.652831 655.037099 180.109496 688.697265 206.741917 1.688593 1.877292 4.500000 4.186787 2.189657 48.507366 1.737856 0
71 3 Car 0 0 1.652812 655.037776 180.107560 688.696865 206.739944 1.688593 1.877292 4.500000 4.186775 2.189519 48.507132 1.737837 0
72 3 Car 0 0 1.652793 655.038453 180.105624 688.696465 206.737970 1.688593 1.877292 4.500000 4.186763 2.189380 48.506898 1.737818 0
73 3 Car 0 0 1.652774 655.039130 180.103688 688.696065 206.735996 1.688593 1.877292 4.500000 4.186751 2.189242 48.506665 1.737799 0
74 3 Car 0 0 1.652755 655.039807 180.101752 688.695664 206.734023 1.688593 1.877292 4.500000 4.186739 2.189103 48.506431 1.737780 0
75 3 Car 0 0 1.652735 655.040484 180.099816 688.695264 206.732049 1.688593 1.877292 4.500000 4.186727 2.188965 48.506197 1.737761 0
76 3 Car 0 0 1.652716 655.041161 180.097880 688.694864 206.730075 1.688593 1.877292 4.500000 4.186715 2.188826 48.505963 1.737742 0
77 3 Car 0 0 1.652697 655.041838 180.095944 688.694464 206.728101 1.688593 1.877292 4.500000 4.186704 2.188688 48.505730 1.737723 0
