10.490 1.636 33.533 1.725 4.169 1.561 0.000 0.988
7.258 1.661 34.015 1.816 4.637 1.604 0.000 0.986
2.025 1.641 30.990 1.745 4.233 1.569 0.000 0.986
9.654 1.643 26.404 1.732 4.117 1.565 0.000 0.980
7.308 1.656 34.286 1.742 3.904 1.546 0.000 0.976
2.213 1.637 31.030 1.755 4.299 1.570 0.000 0.950
10.945 1.641 38.875 1.699 3.696 1.524 0.000 0.949
-7.282 1.667 15.293 1.818 4.498 1.606 0.000 0.927
9.960 1.650 22.246 1.757 4.241 1.577 0.000 0.925
9.454 1.627 21.760 1.701 3.986 1.544 0.000 0.917
9.885 1.636 21.608 1.667 3.469 1.509 0.000 0.913
7.274 1.648 33.861 1.722 3.801 1.534 0.000 0.904
2.861 1.659 65.117 1.729 3.736 1.543 0.000 0.860
9.536 1.632 21.564 1.651 3.430 1.503 0.000 0.852
10.078 1.656 22.753 1.786 4.390 1.590 0.000 0.848
7.204 1.646 33.575 1.714 3.745 1.531 0.000 0.840
-9.697 1.636 34.980 1.653 3.467 1.508 0.000 0.837
10.310 1.634 22.119 1.666 3.444 1.506 0.000 0.811
3.889 1.648 4.596 1.703 3.727 1.532 0.000 0.807
-7.508 1.639 15.825 1.729 4.088 1.562 0.000 0.805
9.785 1.644 21.743 3.804 1.692 1.531 0.000 0.798
9.634 1.644 22.243 1.753 4.309 1.574 0.000 0.797
2.763 1.650 65.387 1.759 4.262 1.579 0.000 0.779
-7.369 1.659 15.464 1.727 3.676 1.541 0.000 0.773
9.805 1.638 21.948 3.770 1.669 1.523 0.000 0.764
10.685 1.636 38.996 1.730 4.181 1.563 0.000 0.759
8.147 1.655 33.713 3.877 1.741 1.545 0.000 0.744
0.923 1.640 20.708 1.672 3.563 1.517 0.000 0.728
9.794 1.631 21.772 1.702 3.967 1.546 0.000 0.707
10.248 1.638 22.758 1.748 4.207 1.566 0.000 0.689
2.831 1.659 65.033 1.803 4.516 1.599 0.000 0.661
-9.870 1.640 35.114 1.677 3.593 1.519 0.000 0.644
1.867 1.640 30.939 1.694 3.660 1.526 0.000 0.600
7.290 1.654 34.720 1.720 3.742 1.542 0.000 0.586
4.398 1.612 13.183 1.702 4.186 1.543 0.000 0.585
2.115 1.642 30.939 3.811 1.700 1.529 0.000 0.571
-7.814 1.644 15.620 3.809 1.686 1.530 0.000 0.552
10.753 1.642 38.689 1.695 3.669 1.525 0.000 0.551
2.094 1.651 31.391 1.800 4.503 1.593 0.000 0.516
-7.769 1.645 15.725 4.540 1.751 1.582 0.000 0.502
-9.797 1.636 34.786 1.721 4.130 1.560 0.000 0.496
4.748 1.623 13.334 1.696 3.966 1.541 0.000 0.451
-7.583 1.650 15.411 3.825 1.682 1.536 0.000 0.442
9.569 1.637 21.886 4.426 1.684 1.568 0.000 0.437
3.838 1.645 4.472 1.769 4.413 1.581 0.000 0.433
9.826 1.655 25.629 1.798 4.542 1.595 0.000 0.433
8.758 1.645 33.594 4.563 1.790 1.587 0.000 0.431
8.182 1.653 33.471 3.881 1.739 1.543 0.000 0.429
10.068 1.631 22.114 3.739 1.652 1.515 0.000 0.400
3.025 1.660 65.248 1.735 3.729 1.544 0.000 0.388
2.649 1.644 65.345 1.703 3.719 1.529 0.000 0.352
1.151 1.644 20.748 1.692 3.650 1.526 0.000 0.334
10.588 1.646 33.830 3.810 1.671 1.531 0.000 0.309
-7.178 1.635 15.636 1.731 4.110 1.559 0.000 0.307
3.961 1.612 13.236 1.712 4.278 1.548 0.000 0.301
3.826 1.651 4.066 1.721 3.781 1.539 0.000 0.301
10.029 1.638 21.666 1.749 4.282 1.571 0.000 0.270
7.972 1.648 34.278 3.819 1.691 1.535 0.000 0.269
3.778 1.653 -0.557 1.782 4.380 1.594 0.000 0.254
3.778 1.651 -0.141 1.714 3.691 1.541 0.000 0.250
9.149 1.630 21.596 1.656 3.442 1.503 0.000 0.249
10.292 1.635 21.638 1.673 3.503 1.511 0.000 0.245
-7.111 1.655 15.127 1.799 4.462 1.593 0.000 0.244
10.361 1.635 39.089 1.743 4.257 1.569 0.000 0.238
-2.667 1.655 0.190 1.734 3.781 1.546 0.000 0.238
-2.167 1.655 -0.518 1.798 4.484 1.597 0.000 0.235
10.375 1.643 33.537 1.717 3.772 1.535 0.000 0.234
3.265 1.644 65.068 1.699 3.623 1.525 0.000 0.230
9.875 1.633 22.232 4.431 1.674 1.566 0.000 0.228
-2.132 1.654 0.113 1.803 4.526 1.598 0.000 0.226
-3.225 1.654 -0.202 1.801 4.473 1.597 0.000 0.223
1.359 1.642 20.776 1.708 3.758 1.530 0.000 0.221
9.462 1.636 33.986 4.487 1.744 1.575 0.000 0.221
9.059 1.625 21.211 1.705 4.016 1.545 0.000 0.216
10.447 1.642 33.654 3.816 1.693 1.529 0.000 0.214
-10.131 1.630 35.293 1.656 3.536 1.508 0.000 0.213
9.369 1.625 21.374 1.701 4.011 1.545 0.000 0.211
8.729 1.647 33.820 4.553 1.771 1.588 0.000 0.211
2.212 1.643 31.321 3.801 1.670 1.532 0.000 0.209
-2.671 1.654 -0.315 1.737 3.788 1.546 0.000 0.208
8.232 1.650 33.415 4.617 1.798 1.594 0.000 0.208
-7.066 1.651 15.467 1.716 3.671 1.534 0.000 0.202
10.086 1.653 22.037 1.722 3.786 1.542 0.000 0.202
-6.745 1.636 15.843 1.686 3.609 1.518 0.000 0.202
1.661 1.635 22.387 1.669 3.611 1.515 0.000 0.201
7.409 1.658 34.581 1.791 4.424 1.600 0.000 0.199
8.831 1.649 34.111 3.874 1.723 1.539 0.000 0.198
3.315 1.651 -0.489 1.784 4.401 1.594 0.000 0.192
-6.852 1.647 14.809 1.779 4.402 1.585 0.000 0.191
3.310 1.647 -0.021 1.710 3.698 1.537 0.000 0.189
8.545 1.646 34.637 4.505 1.723 1.585 0.000 0.184
2.752 1.640 37.372 1.669 3.514 1.515 0.000 0.184
-7.250 1.663 14.759 1.750 3.842 1.554 0.000 0.184
9.328 1.637 21.921 1.692 3.674 1.524 0.000 0.179
-8.219 1.654 15.579 4.576 1.770 1.594 0.000 0.179
7.412 1.656 34.991 1.722 3.725 1.546 0.000 0.176
3.263 1.649 -1.047 1.784 4.393 1.592 0.000 0.176
-7.057 1.631 15.922 1.724 4.171 1.559 0.000 0.175
2.124 1.660 30.727 1.805 4.431 1.604 0.000 0.174
3.211 1.643 65.320 1.767 4.356 1.580 0.000 0.173
4.011 1.616 12.461 1.659 3.633 1.502 0.000 0.173
9.354 1.652 21.997 3.869 1.686 1.544 0.000 0.170
4.953 1.627 13.233 1.654 3.462 1.501 0.000 0.169
2.998 1.628 37.271 1.658 3.526 1.505 0.000 0.169
2.541 1.644 31.403 1.762 4.260 1.578 0.000 0.168
9.390 1.637 22.252 1.754 4.343 1.575 0.000 0.167
4.843 1.627 12.915 1.726 4.175 1.556 0.000 0.166
10.863 1.652 39.001 1.795 4.529 1.592 0.000 0.166
1.768 1.632 22.738 1.723 4.239 1.562 0.000 0.165
4.634 1.627 12.881 1.721 4.194 1.556 0.000 0.165
8.668 1.626 21.590 1.657 3.474 1.502 0.000 0.165
0.763 1.630 21.245 3.691 1.615 1.510 0.000 0.164
4.382 1.615 13.654 1.702 4.169 1.544 0.000 0.164
7.727 1.632 33.458 4.431 1.719 1.566 0.000 0.164
7.816 1.641 34.739 3.775 1.652 1.525 0.000 0.164
1.417 1.630 30.915 1.746 4.254 1.567 0.000 0.164
9.450 1.637 26.445 1.770 4.380 1.580 0.000 0.163
1.713 1.643 21.778 1.756 4.357 1.579 0.000 0.162
9.538 1.643 26.394 1.712 3.737 1.536 0.000 0.162
3.211 1.639 64.708 1.759 4.284 1.571 0.000 0.162
8.624 1.652 34.331 3.869 1.701 1.541 0.000 0.160
8.042 1.653 33.656 4.627 1.797 1.597 0.000 0.159
7.455 1.639 34.192 3.808 1.690 1.531 0.000 0.158
-6.827 1.636 15.627 1.749 4.254 1.570 0.000 0.157
8.720 1.625 21.638 1.721 4.112 1.553 0.000 0.154
7.747 1.625 32.959 4.393 1.697 1.558 0.000 0.154
7.099 1.648 34.213 1.731 3.792 1.544 0.000 0.150
10.616 1.639 22.609 1.691 3.571 1.522 0.000 0.150
9.573 1.634 32.995 4.465 1.733 1.572 0.000 0.149
10.319 1.633 38.671 1.747 4.336 1.571 0.000 0.149
9.293 1.658 33.506 3.908 1.742 1.549 0.000 0.149
7.066 1.643 33.793 1.723 3.791 1.539 0.000 0.149
2.454 1.650 31.394 1.722 3.677 1.536 0.000 0.146
2.315 1.636 65.562 1.753 4.381 1.576 0.000 0.146
2.304 1.639 31.746 3.762 1.636 1.523 0.000 0.145
9.838 1.644 22.010 4.511 1.726 1.582 0.000 0.145
10.663 1.637 22.088 1.682 3.533 1.518 0.000 0.144
3.815 1.627 64.851 1.727 4.136 1.556 0.000 0.142
8.551 1.621 21.140 1.709 4.095 1.547 0.000 0.142
9.146 1.644 21.729 4.556 1.742 1.586 0.000 0.142
4.722 1.618 13.895 1.701 4.145 1.546 0.000 0.141
8.024 1.653 33.920 4.626 1.790 1.598 0.000 0.140
10.809 1.626 21.744 1.730 4.184 1.559 0.000 0.140
-7.508 1.647 15.546 4.563 1.771 1.587 0.000 0.139
9.208 1.643 34.319 4.521 1.740 1.583 0.000 0.138
10.451 1.627 21.715 1.742 4.359 1.565 0.000 0.138
2.577 1.647 65.156 1.785 4.516 1.589 0.000 0.138
4.097 1.624 13.007 1.672 3.681 1.512 0.000 0.137
4.034 1.640 5.028 1.686 3.655 1.522 0.000 0.137
0.884 1.638 21.065 1.678 3.628 1.519 0.000 0.137
10.539 1.639 22.674 1.757 4.236 1.573 0.000 0.134
10.164 1.640 22.065 1.774 4.442 1.580 0.000 0.134
0.666 1.627 21.017 1.729 4.244 1.560 0.000 0.133
10.453 1.655 33.972 1.722 3.729 1.547 0.000 0.133
8.232 1.646 33.243 3.842 1.703 1.534 0.000 0.132
10.571 1.639 22.044 1.755 4.234 1.574 0.000 0.132
9.803 1.656 22.371 3.888 1.685 1.551 0.000 0.130
10.583 1.630 34.367 4.397 1.673 1.561 0.000 0.130
8.865 1.649 68.467 3.824 1.683 1.536 0.000 0.130
2.598 1.641 30.799 3.857 1.710 1.540 0.000 0.129
4.025 1.623 13.310 1.659 3.622 1.506 0.000 0.128
0.494 1.623 21.178 4.353 1.669 1.554 0.000 0.128
7.519 1.643 34.505 3.821 1.691 1.534 0.000 0.128
11.286 1.626 22.209 1.672 3.594 1.513 0.000 0.128
0.731 1.630 20.939 1.677 3.622 1.515 0.000 0.127
9.509 1.636 25.865 3.765 1.665 1.523 0.000 0.127
-10.628 1.639 40.670 1.675 3.591 1.520 0.000 0.126
11.170 1.630 22.662 1.746 4.285 1.570 0.000 0.125
4.402 1.623 12.714 1.660 3.612 1.506 0.000 0.125
3.628 1.639 3.997 1.694 3.708 1.525 0.000 0.125
9.191 1.646 34.626 4.520 1.713 1.585 0.000 0.125
1.888 1.648 31.318 1.795 4.532 1.594 0.000 0.125
7.710 1.656 34.337 4.634 1.777 1.602 0.000 0.124
-7.365 1.651 15.725 1.787 4.459 1.592 0.000 0.123
-9.606 1.635 35.330 1.743 4.318 1.571 0.000 0.123
-6.992 1.657 14.736 1.748 3.861 1.549 0.000 0.123
2.851 1.641 31.494 4.576 1.766 1.592 0.000 0.122
3.398 1.647 64.685 3.835 1.695 1.533 0.000 0.122
3.688 1.639 4.344 1.702 3.758 1.528 0.000 0.122
1.291 1.637 21.954 1.691 3.712 1.526 0.000 0.122
7.230 1.654 34.789 1.797 4.465 1.600 0.000 0.121
4.805 1.615 13.726 3.647 1.590 1.493 0.000 0.119
-10.341 1.628 35.356 1.732 4.277 1.562 0.000 0.119
-10.294 1.644 40.591 1.696 3.674 1.528 0.000 0.119
9.290 1.650 33.230 3.866 1.708 1.538 0.000 0.119
1.927 1.637 36.273 1.744 4.342 1.573 0.000 0.119
8.704 1.642 33.196 4.550 1.769 1.584 0.000 0.119
-10.714 1.634 26.350 1.731 4.226 1.563 0.000 0.118
10.682 1.634 21.703 1.686 3.600 1.519 0.000 0.118
3.761 1.634 4.973 1.700 3.733 1.527 0.000 0.118
9.866 1.634 22.789 1.744 4.345 1.572 0.000 0.118
-9.285 1.638 34.870 1.759 4.384 1.579 0.000 0.117
2.747 1.652 -1.129 1.797 4.425 1.597 0.000 0.116
8.121 1.650 33.123 4.612 1.784 1.593 0.000 0.116
4.879 1.611 14.144 3.654 1.599 1.493 0.000 0.115
4.459 1.626 13.628 1.662 3.600 1.509 0.000 0.115
-6.660 1.629 16.084 1.735 4.274 1.564 0.000 0.115
2.650 1.645 31.060 3.877 1.719 1.546 0.000 0.114
10.023 1.638 26.289 1.767 4.342 1.578 0.000 0.114
2.623 1.634 36.830 1.735 4.250 1.566 0.000 0.113
9.374 1.653 22.043 4.611 1.750 1.598 0.000 0.113
10.104 1.630 23.830 1.749 4.393 1.569 0.000 0.113
1.266 1.639 21.245 1.692 3.716 1.526 0.000 0.112
2.782 1.637 37.638 1.736 4.253 1.569 0.000 0.112
4.518 1.619 6.482 4.402 1.698 1.557 0.000 0.111
3.062 1.629 37.401 1.720 4.226 1.559 0.000 0.111
7.320 1.653 35.401 1.720 3.708 1.544 0.000 0.110
7.812 1.644 68.120 1.698 3.684 1.529 0.000 0.110
7.362 1.655 35.009 1.788 4.409 1.598 0.000 0.110
2.358 1.641 36.445 1.748 4.334 1.576 0.000 0.109
9.768 1.647 26.203 1.726 3.790 1.536 0.000 0.109
2.367 1.652 31.772 1.807 4.473 1.596 0.000 0.108
10.530 1.640 33.965 1.756 4.335 1.577 0.000 0.107
4.154 1.642 4.907 1.770 4.372 1.580 0.000 0.107
-2.279 1.645 1.516 1.711 3.758 1.535 0.000 0.107
3.352 1.618 5.351 1.700 3.757 1.520 0.000 0.106
9.081 1.648 68.817 3.838 1.710 1.539 0.000 0.106
2.215 1.655 -1.421 1.808 4.433 1.602 0.000 0.106
-6.865 1.648 13.812 1.789 4.505 1.589 0.000 0.104
3.807 1.607 6.160 4.379 1.702 1.549 0.000 0.103
8.752 1.645 68.706 4.523 1.764 1.586 0.000 0.103
10.320 1.648 33.769 1.794 4.499 1.595 0.000 0.103
-7.719 1.650 15.814 3.858 1.696 1.538 0.000 0.103
-9.343 1.640 34.982 1.703 3.708 1.530 0.000 0.103
-9.660 1.636 35.436 1.684 3.648 1.520 0.000 0.102
1.605 1.652 31.441 3.873 1.686 1.543 0.000 0.102
1.026 1.633 20.364 1.737 4.296 1.566 0.000 0.101
1.605 1.627 21.449 1.747 4.400 1.568 0.000 0.101
7.542 1.643 33.741 1.792 4.451 1.587 0.000 0.101
0.077 1.619 21.170 1.725 4.295 1.556 0.000 0.101
2.517 1.637 37.068 1.679 3.640 1.520 0.000 0.100
2.809 1.655 -0.718 1.804 4.447 1.602 0.000 0.099
10.329 1.643 22.307 3.868 1.700 1.541 0.000 0.099
-10.697 1.627 26.171 1.652 3.490 1.502 0.000 0.099
9.497 1.641 21.614 3.813 1.690 1.530 0.000 0.099
3.971 1.642 4.769 1.762 4.389 1.579 0.000 0.099
-11.778 1.631 29.114 1.668 3.594 1.512 0.000 0.098
9.939 1.644 26.272 1.724 3.727 1.536 0.000 0.098
2.642 1.641 31.204 4.548 1.765 1.589 0.000 0.097
9.652 1.651 26.829 1.723 3.700 1.542 0.000 0.097
9.948 1.635 33.326 1.754 4.305 1.574 0.000 0.097
2.760 1.647 36.807 1.717 3.792 1.537 0.000 0.097
-1.796 1.639 2.041 1.748 4.333 1.575 0.000 0.097
5.124 1.625 13.227 3.679 1.581 1.503 0.000 0.096
2.807 1.652 -0.272 1.735 3.745 1.547 0.000 0.096
7.983 1.615 21.637 1.712 4.178 1.547 0.000 0.096
7.988 1.616 21.162 1.713 4.199 1.548 0.000 0.096
7.003 1.641 34.631 1.794 4.498 1.591 0.000 0.095
10.432 1.644 33.461 3.836 1.704 1.533 0.000 0.095
9.906 1.632 23.178 1.679 3.672 1.519 0.000 0.095
1.445 1.645 31.200 4.563 1.748 1.586 0.000 0.095
2.591 1.639 30.491 3.849 1.702 1.538 0.000 0.095
-7.441 1.652 16.155 1.727 3.741 1.542 0.000 0.094
4.488 1.621 65.219 1.721 4.239 1.555 0.000 0.094
2.220 1.653 -0.486 1.741 3.741 1.549 0.000 0.094
-1.955 1.639 1.899 4.485 1.734 1.578 0.000 0.094
9.833 1.632 22.383 1.685 3.672 1.521 0.000 0.094
-1.265 1.609 24.585 1.653 3.646 1.500 0.000 0.093
7.639 1.627 32.612 4.397 1.681 1.560 0.000 0.093
1.538 1.646 20.740 1.772 4.441 1.585 0.000 0.093
0.890 1.638 21.621 1.699 3.713 1.528 0.000 0.092
1.413 1.645 30.949 4.579 1.757 1.588 0.000 0.091
2.561 1.631 37.475 1.678 3.689 1.518 0.000 0.091
-9.463 1.632 34.377 1.738 4.320 1.567 0.000 0.091
2.224 1.654 -0.882 1.807 4.436 1.600 0.000 0.091
4.446 1.616 14.122 1.721 4.322 1.554 0.000 0.090
-9.893 1.634 40.449 1.744 4.313 1.570 0.000 0.090
7.403 1.653 34.031 1.751 3.812 1.547 0.000 0.090
5.036 1.620 13.582 1.711 4.159 1.550 0.000 0.089
2.944 1.626 36.784 1.729 4.284 1.560 0.000 0.089
2.637 1.641 31.925 3.882 1.712 1.542 0.000 0.089
1.987 1.626 36.697 1.659 3.584 1.507 0.000 0.088
20.220 1.633 68.817 3.729 1.625 1.516 0.000 0.087
8.587 1.652 34.746 3.870 1.691 1.544 0.000 0.087
2.331 1.643 62.141 1.771 4.482 1.584 0.000 0.087
-10.262 1.626 35.013 1.743 4.350 1.566 0.000 0.087
7.474 1.636 67.929 1.678 3.649 1.520 0.000 0.086
4.232 1.614 5.278 4.335 1.668 1.546 0.000 0.086
2.234 1.649 32.365 1.784 4.426 1.591 0.000 0.086
10.122 1.629 23.210 1.682 3.682 1.517 0.000 0.086
3.182 1.611 7.394 1.746 4.422 1.560 0.000 0.085
9.482 1.637 26.057 3.765 1.666 1.524 0.000 0.085
-9.567 1.634 34.749 1.686 3.687 1.519 0.000 0.085
7.316 1.637 33.929 3.808 1.693 1.529 0.000 0.084
10.148 1.638 22.626 3.760 1.624 1.523 0.000 0.084
9.864 1.633 25.939 3.736 1.645 1.516 0.000 0.084
1.887 1.620 37.185 1.709 4.172 1.549 0.000 0.084
7.316 1.650 33.282 1.733 3.758 1.538 0.000 0.083
4.311 1.638 5.403 1.697 3.713 1.527 0.000 0.083
4.278 1.627 5.036 3.823 1.692 1.528 0.000 0.083
-13.242 1.637 48.111 1.680 3.642 1.521 0.000 0.083
4.290 1.622 5.840 4.406 1.700 1.561 0.000 0.082
7.394 1.659 34.810 4.655 1.778 1.609 0.000 0.082
3.010 1.649 64.830 1.799 4.548 1.591 0.000 0.082
9.832 1.635 34.736 3.749 1.622 1.518 0.000 0.082
-6.801 1.635 8.390 1.738 4.287 1.569 0.000 0.081
9.330 1.636 25.991 1.705 3.744 1.528 0.000 0.081
2.150 1.624 31.894 4.371 1.662 1.555 0.000 0.081
2.937 1.641 64.634 3.809 1.685 1.530 0.000 0.081
3.372 1.609 5.104 4.406 1.714 1.554 0.000 0.081
9.990 1.626 33.980 3.701 1.632 1.509 0.000 0.081
-6.048 1.623 15.701 1.731 4.336 1.562 0.000 0.080
8.434 1.645 68.522 3.794 1.675 1.532 0.000 0.080
9.852 1.633 33.795 1.758 4.376 1.575 0.000 0.080
3.779 1.609 11.780 4.362 1.689 1.549 0.000 0.080
4.877 1.611 13.675 4.326 1.656 1.542 0.000 0.080
2.679 1.638 31.859 4.574 1.762 1.588 0.000 0.080
1.375 1.630 22.222 1.738 4.368 1.569 0.000 0.079
10.291 1.640 23.230 1.772 4.458 1.579 0.000 0.079
2.410 1.627 37.368 1.722 4.230 1.558 0.000 0.079
3.917 1.612 12.001 1.716 4.315 1.551 0.000 0.079
10.727 1.627 36.111 1.726 4.329 1.563 0.000 0.079
-9.325 1.622 19.378 1.715 4.227 1.554 0.000 0.078
3.490 1.615 12.960 1.719 4.314 1.553 0.000 0.078
-1.417 1.643 2.077 3.824 1.705 1.534 0.000 0.078
2.197 1.625 23.000 1.665 3.635 1.508 0.000 0.078
11.034 1.640 34.007 1.772 4.404 1.584 0.000 0.078
-6.652 1.639 13.469 1.774 4.445 1.579 0.000 0.078
-12.837 1.632 48.176 1.668 3.599 1.513 0.000 0.078
-7.284 1.629 6.171 1.660 3.580 1.510 0.000 0.077
-2.225 1.641 1.757 1.764 4.433 1.582 0.000 0.077
8.818 1.624 26.264 1.745 4.355 1.566 0.000 0.076
-2.938 1.643 1.969 3.827 1.693 1.535 0.000 0.076
-7.647 1.646 16.205 3.811 1.671 1.534 0.000 0.076
6.925 1.626 34.492 3.691 1.626 1.506 0.000 0.075
6.922 1.640 33.603 1.794 4.513 1.589 0.000 0.075
0.730 1.629 21.892 4.429 1.698 1.566 0.000 0.075
1.692 1.650 30.875 1.794 4.489 1.598 0.000 0.075
9.667 1.649 34.501 4.575 1.772 1.592 0.000 0.074
1.927 1.629 30.613 3.745 1.643 1.515 0.000 0.074
-6.799 1.629 8.808 1.661 3.557 1.509 0.000 0.074
-6.657 1.643 14.431 1.782 4.500 1.585 0.000 0.074
2.532 1.635 30.924 4.531 1.758 1.582 0.000 0.074
-8.960 1.633 33.290 1.758 4.433 1.573 0.000 0.074
3.892 1.642 5.746 1.701 3.687 1.532 0.000 0.074
-7.439 1.649 15.894 4.572 1.764 1.591 0.000 0.074
-3.208 1.607 23.638 1.654 3.681 1.499 0.000 0.073
-9.758 1.618 35.255 3.647 1.595 1.497 0.000 0.073
2.490 1.604 5.507 1.661 3.692 1.500 0.000 0.073
4.444 1.645 5.671 3.850 1.694 1.537 0.000 0.073
-10.183 1.633 34.884 1.690 3.711 1.524 0.000 0.073
10.790 1.645 34.222 3.802 1.659 1.532 0.000 0.073
4.007 1.615 13.983 1.725 4.351 1.554 0.000 0.073
10.048 1.633 24.521 1.693 3.751 1.520 0.000 0.073
10.569 1.624 34.419 3.687 1.606 1.505 0.000 0.073
9.491 1.628 23.106 1.742 4.372 1.568 0.000 0.073
3.140 1.611 8.240 1.734 4.385 1.557 0.000 0.073
4.411 1.598 7.595 4.386 1.710 1.544 0.000 0.072
3.613 1.631 4.563 1.743 4.407 1.570 0.000 0.072
-9.167 1.632 35.465 1.748 4.378 1.573 0.000 0.072
7.280 1.638 33.581 3.808 1.684 1.529 0.000 0.072
2.423 1.649 31.864 1.725 3.717 1.542 0.000 0.071
7.159 1.651 35.212 1.792 4.459 1.599 0.000 0.071
9.392 1.636 25.952 1.770 4.454 1.580 0.000 0.071
-7.263 1.637 6.632 1.749 4.382 1.574 0.000 0.071
3.067 1.649 64.857 1.729 3.808 1.538 0.000 0.070
10.659 1.653 33.954 1.736 3.775 1.545 0.000 0.070
8.516 1.646 69.861 4.559 1.761 1.587 0.000 0.070
3.420 1.620 37.448 1.734 4.348 1.561 0.000 0.070
-8.896 1.626 19.288 1.733 4.324 1.563 0.000 0.070
8.665 1.621 25.999 1.730 4.306 1.559 0.000 0.070
2.272 1.644 32.919 1.708 3.728 1.534 0.000 0.070
9.871 1.634 34.346 3.736 1.632 1.517 0.000 0.070
-18.824 1.620 46.007 1.712 4.169 1.550 0.000 0.070
0.540 1.620 20.750 1.724 4.288 1.556 0.000 0.070
9.549 1.631 21.453 4.481 1.726 1.571 0.000 0.070
1.647 1.647 31.255 1.724 3.781 1.543 0.000 0.069
7.358 1.617 32.800 3.646 1.608 1.496 0.000 0.069
8.682 1.625 22.037 1.738 4.351 1.564 0.000 0.069
10.263 1.640 22.360 4.588 1.770 1.591 0.000 0.069
3.398 1.629 4.640 1.777 4.489 1.580 0.000 0.069
3.693 1.627 5.622 1.756 4.442 1.572 0.000 0.068
3.951 1.610 14.462 1.719 4.343 1.550 0.000 0.068
3.575 1.638 64.602 4.468 1.720 1.573 0.000 0.068
2.177 1.646 30.750 3.833 1.691 1.533 0.000 0.068
-2.680 1.640 1.453 1.702 3.740 1.531 0.000 0.068
-9.369 1.620 19.963 1.716 4.250 1.554 0.000 0.068
-5.847 1.616 20.286 1.643 3.511 1.495 0.000 0.068
4.899 1.635 13.640 1.684 3.665 1.522 0.000 0.067
-1.324 1.638 2.509 3.790 1.675 1.528 0.000 0.067
1.736 1.621 31.043 3.668 1.619 1.501 0.000 0.067
10.620 1.624 34.914 1.731 4.317 1.561 0.000 0.067
10.023 1.624 32.898 3.680 1.624 1.505 0.000 0.067
-1.751 1.610 24.059 1.651 3.643 1.499 0.000 0.067
2.706 1.642 62.551 1.778 4.506 1.584 0.000 0.067
10.013 1.653 26.777 1.735 3.764 1.548 0.000 0.067
-7.262 1.632 31.857 1.677 3.635 1.516 0.000 0.066
10.437 1.640 22.740 1.712 3.723 1.534 0.000 0.066
1.709 1.610 5.201 3.742 1.675 1.508 0.000 0.066
8.172 1.640 68.728 3.793 1.688 1.530 0.000 0.066
4.075 1.617 13.224 3.680 1.616 1.499 0.000 0.066
-6.273 1.616 20.294 1.642 3.495 1.494 0.000 0.066
7.756 1.635 35.185 3.748 1.631 1.520 0.000 0.066
10.682 1.633 34.730 4.426 1.676 1.567 0.000 0.066
10.648 1.618 32.786 3.651 1.610 1.498 0.000 0.065
7.592 1.653 35.258 1.799 4.453 1.598 0.000 0.065
10.197 1.644 33.206 1.727 3.784 1.537 0.000 0.065
5.211 1.629 12.961 3.708 1.607 1.510 0.000 0.065
3.412 1.645 64.773 1.723 3.791 1.535 0.000 0.065
3.828 1.634 3.361 1.680 3.680 1.519 0.000 0.065
10.432 1.632 34.610 1.753 4.371 1.573 0.000 0.065
0.038 1.630 21.183 4.481 1.739 1.574 0.000 0.065
6.904 1.639 35.036 1.792 4.508 1.589 0.000 0.065
6.519 1.631 34.129 1.769 4.441 1.580 0.000 0.065
10.779 1.630 36.760 1.671 3.686 1.516 0.000 0.065
8.723 1.639 32.735 4.527 1.751 1.581 0.000 0.065
-9.387 1.641 33.863 1.771 4.462 1.582 0.000 0.065
19.997 1.631 68.762 4.444 1.722 1.571 0.000 0.065
2.369 1.610 36.338 4.379 1.694 1.551 0.000 0.064
1.727 1.619 22.630 4.342 1.647 1.550 0.000 0.064
4.262 1.609 11.809 4.359 1.688 1.548 0.000 0.064
11.021 1.648 38.520 1.726 3.792 1.537 0.000 0.064
7.904 1.647 69.971 1.791 4.490 1.588 0.000 0.064
3.086 1.609 6.817 1.734 4.393 1.555 0.000 0.064
4.074 1.620 13.916 1.674 3.698 1.510 0.000 0.064
1.833 1.636 34.744 1.698 3.787 1.527 0.000 0.064
-8.814 1.638 32.605 1.700 3.760 1.529 0.000 0.064
-3.217 1.642 2.026 4.534 1.763 1.586 0.000 0.064
7.584 1.641 33.321 1.793 4.487 1.589 0.000 0.063
4.814 1.616 13.311 4.328 1.659 1.546 0.000 0.063
8.160 1.648 32.721 4.593 1.766 1.591 0.000 0.063
-3.222 1.637 1.488 1.699 3.728 1.528 0.000 0.063
10.007 1.637 37.987 4.500 1.747 1.579 0.000 0.063
0.916 1.641 20.668 1.765 4.395 1.579 0.000 0.063
-4.108 1.638 1.898 3.789 1.667 1.527 0.000 0.063
8.254 1.640 35.155 4.461 1.701 1.578 0.000 0.063
7.306 1.638 34.894 3.806 1.679 1.530 0.000 0.063
9.272 1.636 27.247 1.714 3.755 1.532 0.000 0.063
2.126 1.627 22.473 1.739 4.381 1.565 0.000 0.063
4.521 1.644 5.186 4.575 1.761 1.589 0.000 0.063
-15.263 1.623 44.489 1.657 3.595 1.505 0.000 0.063
1.746 1.630 31.802 3.711 1.603 1.511 0.000 0.062
12.022 1.612 22.759 1.727 4.363 1.559 0.000 0.062
-3.971 1.639 1.853 4.501 1.734 1.580 0.000 0.062
-0.160 1.615 20.714 1.710 4.233 1.548 0.000 0.062
-1.639 1.635 2.410 4.470 1.727 1.575 0.000 0.062
-7.294 1.646 15.674 3.867 1.699 1.540 0.000 0.062
4.005 1.619 5.343 3.656 1.601 1.498 0.000 0.062
8.129 1.644 35.328 3.836 1.692 1.536 0.000 0.062
1.015 1.630 21.665 1.745 4.380 1.570 0.000 0.062
8.876 1.648 69.981 4.569 1.756 1.589 0.000 0.062
3.299 1.631 3.606 1.691 3.723 1.523 0.000 0.062
10.931 1.649 34.321 1.733 3.782 1.544 0.000 0.062
9.410 1.643 32.749 3.828 1.684 1.532 0.000 0.062
-10.290 1.626 26.209 1.656 3.559 1.505 0.000 0.062
-6.928 1.623 6.200 1.657 3.608 1.506 0.000 0.061
2.144 1.624 30.421 3.676 1.622 1.505 0.000 0.061
3.988 1.634 3.629 1.757 4.403 1.573 0.000 0.061
-7.010 1.642 15.086 3.832 1.695 1.532 0.000 0.061
8.597 1.617 26.534 1.729 4.330 1.557 0.000 0.061
3.881 1.637 65.322 1.693 3.703 1.525 0.000 0.061
10.662 1.624 33.966 4.376 1.687 1.556 0.000 0.061
-7.602 1.646 16.258 4.541 1.745 1.588 0.000 0.061
-10.299 1.634 26.905 1.751 4.385 1.574 0.000 0.061
4.454 1.609 14.120 4.339 1.670 1.544 0.000 0.061
-10.185 1.632 40.253 1.677 3.692 1.519 0.000 0.061
1.329 1.649 30.485 3.905 1.716 1.547 0.000 0.060
12.041 1.610 22.243 1.726 4.363 1.557 0.000 0.060
-8.128 1.632 32.943 3.750 1.637 1.516 0.000 0.060
19.349 1.644 70.569 1.793 4.504 1.587 0.000 0.060
7.328 1.617 33.077 3.657 1.616 1.497 0.000 0.060
-1.905 1.637 1.853 3.760 1.649 1.523 0.000 0.060
10.952 1.642 33.658 1.720 3.738 1.537 0.000 0.060
-19.234 1.623 45.952 1.720 4.256 1.556 0.000 0.060
4.501 1.638 3.788 3.803 1.690 1.530 0.000 0.060
2.699 1.641 64.692 4.507 1.739 1.581 0.000 0.060
-7.228 1.632 8.303 1.734 4.323 1.568 0.000 0.060
-10.058 1.633 35.625 1.680 3.674 1.519 0.000 0.060
-6.874 1.633 6.712 1.749 4.397 1.572 0.000 0.060
3.974 1.638 4.255 1.698 3.749 1.526 0.000 0.060
1.940 1.630 61.847 1.745 4.427 1.571 0.000 0.060
-5.361 1.614 22.448 1.661 3.623 1.505 0.000 0.060
10.155 1.647 34.165 1.724 3.775 1.544 0.000 0.060
0.547 1.623 19.974 4.384 1.672 1.557 0.000 0.060
-9.819 1.633 27.238 1.684 3.679 1.521 0.000 0.060
4.799 1.623 13.363 3.670 1.610 1.503 0.000 0.060
3.518 1.606 5.179 3.656 1.618 1.492 0.000 0.060
10.689 1.620 32.846 4.340 1.674 1.551 0.000 0.060
-9.829 1.644 38.971 1.789 4.561 1.590 0.000 0.060
-7.405 1.646 15.336 4.554 1.748 1.585 0.000 0.060
-6.571 1.640 15.999 1.701 3.724 1.529 0.000 0.059
3.938 1.606 14.957 1.721 4.361 1.548 0.000 0.059
-6.762 1.645 14.299 1.725 3.799 1.537 0.000 0.059
-7.227 1.630 8.695 1.666 3.627 1.514 0.000 0.059
7.763 1.647 69.968 4.580 1.765 1.589 0.000 0.059
-11.141 1.618 40.685 1.714 4.248 1.551 0.000 0.059
7.156 1.644 35.860 1.719 3.769 1.540 0.000 0.059
11.034 1.633 33.465 1.769 4.399 1.580 0.000 0.059
-9.199 1.618 35.261 4.337 1.649 1.549 0.000 0.059
7.927 1.648 70.554 1.792 4.489 1.589 0.000 0.059
-7.008 1.648 16.311 1.723 3.750 1.541 0.000 0.059
-6.837 1.642 15.161 4.543 1.759 1.584 0.000 0.059
10.531 1.641 33.153 3.817 1.683 1.529 0.000 0.059
-10.263 1.618 25.793 3.662 1.593 1.499 0.000 0.059
-2.268 1.624 20.254 1.662 3.626 1.508 0.000 0.059
10.276 1.642 69.737 4.554 1.765 1.587 0.000 0.059
3.363 1.626 37.356 1.680 3.689 1.516 0.000 0.059
10.012 1.636 22.779 3.798 1.673 1.530 0.000 0.059
9.783 1.634 32.592 4.445 1.714 1.569 0.000 0.059
2.174 1.620 54.594 1.717 4.270 1.555 0.000 0.059
-10.208 1.626 40.651 1.727 4.298 1.561 0.000 0.059
-1.784 1.621 20.309 1.653 3.577 1.503 0.000 0.058
-6.746 1.626 30.891 3.707 1.612 1.508 0.000 0.058
1.783 1.625 54.955 1.666 3.654 1.511 0.000 0.058
-9.849 1.630 35.684 1.664 3.611 1.512 0.000 0.058
8.956 1.624 25.800 4.366 1.662 1.555 0.000 0.058
19.874 1.647 69.874 3.849 1.697 1.537 0.000 0.058
7.853 1.647 69.893 3.856 1.701 1.537 0.000 0.058
-13.625 1.635 48.363 1.754 4.433 1.576 0.000 0.058
-0.755 1.608 25.170 1.652 3.669 1.499 0.000 0.058
9.503 1.624 23.958 1.676 3.708 1.513 0.000 0.058
-1.777 1.626 20.258 1.727 4.300 1.561 0.000 0.058
5.377 1.618 13.279 4.348 1.660 1.549 0.000 0.058
-2.971 1.639 1.875 4.529 1.750 1.583 0.000 0.058
-12.489 1.629 48.193 1.746 4.388 1.569 0.000 0.058
-18.372 1.623 45.908 1.663 3.617 1.507 0.000 0.058
3.321 1.606 15.341 1.721 4.340 1.551 0.000 0.058
-9.424 1.634 32.917 3.774 1.677 1.524 0.000 0.058
3.862 1.637 6.188 1.759 4.371 1.579 0.000 0.058
-3.427 1.638 1.897 3.809 1.681 1.530 0.000 0.058
-19.277 1.627 45.571 1.731 4.308 1.562 0.000 0.058
4.276 1.635 4.622 1.697 3.712 1.524 0.000 0.057
4.332 1.614 13.741 3.658 1.607 1.496 0.000 0.057
10.049 1.621 33.134 3.675 1.631 1.503 0.000 0.057
-9.991 1.623 26.162 1.681 3.694 1.513 0.000 0.057
1.376 1.631 21.551 1.745 4.391 1.571 0.000 0.057
9.420 1.639 21.222 3.766 1.644 1.523 0.000 0.057
-10.026 1.632 34.740 1.684 3.718 1.520 0.000 0.057
9.847 1.647 25.181 1.718 3.808 1.536 0.000 0.057
9.577 1.641 25.634 1.714 3.798 1.531 0.000 0.057
-1.812 1.613 24.394 1.720 4.285 1.553 0.000 0.057
20.997 1.642 70.272 4.566 1.775 1.587 0.000 0.057
6.411 1.628 34.449 1.766 4.453 1.577 0.000 0.057
9.373 1.636 26.410 3.771 1.663 1.524 0.000 0.057
2.298 1.645 30.282 3.827 1.683 1.532 0.000 0.057
10.679 1.646 33.215 1.794 4.471 1.588 0.000 0.057
19.654 1.630 68.822 3.739 1.654 1.517 0.000 0.056
9.714 1.619 27.003 4.347 1.674 1.550 0.000 0.056
-10.145 1.621 25.731 4.356 1.655 1.553 0.000 0.056
9.067 1.643 35.229 4.543 1.752 1.588 0.000 0.056
-9.438 1.633 33.688 4.440 1.716 1.570 0.000 0.056
8.939 1.649 69.898 3.854 1.695 1.538 0.000 0.056
-5.359 1.614 20.278 1.648 3.575 1.498 0.000 0.056
-12.223 1.623 29.068 1.724 4.304 1.559 0.000 0.056
9.875 1.623 25.779 4.415 1.695 1.560 0.000 0.056
1.900 1.639 34.275 1.771 4.508 1.583 0.000 0.056
-17.912 1.615 45.821 1.716 4.284 1.552 0.000 0.056
-6.479 1.627 8.794 1.681 3.685 1.516 0.000 0.056
-7.238 1.624 31.132 1.662 3.600 1.507 0.000 0.056
10.780 1.638 38.043 3.804 1.686 1.530 0.000 0.056
-9.376 1.622 35.214 3.667 1.594 1.502 0.000 0.056
7.407 1.626 67.656 1.734 4.358 1.563 0.000 0.056
-12.514 1.625 28.975 1.670 3.682 1.511 0.000 0.056
19.787 1.647 69.947 4.572 1.761 1.589 0.000 0.056
5.100 1.638 6.548 3.790 1.672 1.526 0.000 0.056
7.387 1.621 32.461 3.661 1.599 1.501 0.000 0.056
1.163 1.634 21.976 1.763 4.413 1.579 0.000 0.056
10.756 1.645 38.111 1.781 4.511 1.587 0.000 0.056
4.107 1.632 5.321 1.740 4.336 1.569 0.000 0.056
3.553 1.632 26.473 3.760 1.655 1.519 0.000 0.056
6.943 1.632 34.577 4.432 1.714 1.569 0.000 0.056
2.228 1.636 33.944 1.761 4.455 1.579 0.000 0.055
2.536 1.624 47.761 1.731 4.372 1.562 0.000 0.055
10.031 1.623 33.540 3.688 1.632 1.506 0.000 0.055
5.396 1.610 14.197 4.357 1.691 1.547 0.000 0.055
7.289 1.637 36.494 1.690 3.680 1.526 0.000 0.055
-9.834 1.641 39.262 1.712 3.801 1.533 0.000 0.055
-7.099 1.618 8.831 3.676 1.602 1.500 0.000 0.055
1.607 1.645 30.794 1.728 3.784 1.538 0.000 0.055
-9.268 1.637 35.486 1.699 3.717 1.527 0.000 0.055
9.977 1.641 32.920 4.553 1.768 1.589 0.000 0.055
2.877 1.620 37.262 4.362 1.676 1.553 0.000 0.055
2.204 1.622 31.461 4.362 1.678 1.554 0.000 0.055
-18.366 1.618 45.486 1.720 4.275 1.554 0.000 0.055
9.641 1.636 33.938 1.710 3.767 1.531 0.000 0.055
-9.284 1.630 33.040 1.678 3.690 1.517 0.000 0.055
-10.633 1.630 35.549 3.741 1.643 1.516 0.000 0.055
1.794 1.616 30.347 3.643 1.603 1.496 0.000 0.055
2.152 1.628 30.572 4.501 1.743 1.574 0.000 0.055
10.905 1.645 38.256 1.786 4.518 1.587 0.000 0.055
11.006 1.632 34.807 3.753 1.636 1.519 0.000 0.055
2.276 1.639 23.916 1.767 4.468 1.582 0.000 0.055
7.430 1.646 69.746 1.729 3.802 1.538 0.000 0.055
4.040 1.624 5.637 3.675 1.613 1.504 0.000 0.055
4.392 1.616 7.073 4.400 1.706 1.555 0.000 0.055
-6.537 1.629 8.599 1.749 4.383 1.569 0.000 0.055
3.587 1.630 5.699 1.692 3.744 1.522 0.000 0.054
-10.652 1.624 25.899 3.685 1.600 1.504 0.000 0.054
2.232 1.619 31.040 4.347 1.681 1.550 0.000 0.054
3.436 1.609 14.260 1.715 4.300 1.548 0.000 0.054
1.322 1.614 54.738 1.711 4.258 1.548 0.000 0.054
-11.393 1.636 28.347 1.767 4.484 1.580 0.000 0.054
2.443 1.625 37.843 1.738 4.389 1.565 0.000 0.054
2.744 1.638 38.095 1.762 4.434 1.581 0.000 0.054
-2.619 1.635 1.909 3.767 1.655 1.523 0.000 0.054
10.187 1.639 38.819 1.716 3.786 1.532 0.000 0.054
3.402 1.611 13.360 1.714 4.307 1.549 0.000 0.054
3.700 1.627 26.731 3.716 1.630 1.512 0.000 0.054
-2.263 1.636 2.164 1.701 3.760 1.528 0.000 0.054
-9.824 1.626 40.156 1.670 3.652 1.511 0.000 0.054
-18.810 1.621 45.569 1.659 3.602 1.505 0.000 0.054
-6.821 1.617 9.228 1.714 4.274 1.552 0.000 0.054
10.463 1.640 22.341 1.708 3.724 1.533 0.000 0.054
-11.424 1.632 28.293 1.691 3.743 1.522 0.000 0.054
-10.661 1.622 25.506 1.654 3.600 1.504 0.000 0.054
-12.596 1.620 28.929 1.721 4.318 1.556 0.000 0.054
3.434 1.612 12.463 1.720 4.347 1.553 0.000 0.054
10.226 1.637 24.979 1.771 4.472 1.582 0.000 0.054
2.438 1.622 22.280 3.715 1.635 1.508 0.000 0.054
-6.611 1.637 13.966 1.709 3.768 1.528 0.000 0.054
-3.077 1.638 2.399 3.810 1.681 1.531 0.000 0.054
-5.930 1.619 8.804 1.657 3.616 1.504 0.000 0.054
0.817 1.636 21.613 1.768 4.409 1.581 0.000 0.054
-7.806 1.639 15.206 4.498 1.731 1.579 0.000 0.054
7.280 1.642 71.220 1.780 4.479 1.584 0.000 0.054
4.352 1.615 12.858 4.340 1.659 1.548 0.000 0.054
9.372 1.633 25.582 3.767 1.660 1.521 0.000 0.054
8.586 1.634 32.196 4.480 1.720 1.573 0.000 0.054
-11.034 1.616 35.575 1.723 4.313 1.554 0.000 0.054
4.585 1.636 5.107 3.738 1.649 1.520 0.000 0.054
-11.742 1.615 40.719 1.715 4.280 1.552 0.000 0.054
-5.687 1.614 20.291 4.347 1.646 1.546 0.000 0.053
4.472 1.631 5.813 1.751 4.405 1.573 0.000 0.053
2.628 1.616 5.017 1.685 3.749 1.513 0.000 0.053
-8.807 1.622 27.436 1.662 3.624 1.507 0.000 0.053
4.410 1.610 14.901 1.658 3.669 1.500 0.000 0.053
3.386 1.608 14.807 1.714 4.295 1.548 0.000 0.053
-14.806 1.621 44.477 1.724 4.319 1.558 0.000 0.053
3.058 1.610 6.355 1.737 4.415 1.558 0.000 0.053
2.322 1.647 30.218 1.794 4.505 1.590 0.000 0.053
20.577 1.646 69.924 4.571 1.764 1.589 0.000 0.053
-12.080 1.632 29.793 1.681 3.705 1.520 0.000 0.053
-10.854 1.635 27.835 1.767 4.486 1.579 0.000 0.053
6.873 1.618 34.062 3.663 1.618 1.498 0.000 0.053
-1.224 1.626 3.119 4.444 1.728 1.568 0.000 0.053
-0.152 1.634 20.303 3.786 1.689 1.526 0.000 0.053
-1.097 1.631 3.040 3.764 1.666 1.521 0.000 0.053
4.694 1.641 4.289 3.822 1.709 1.534 0.000 0.053
-2.803 1.609 29.024 1.732 4.321 1.560 0.000 0.053
10.090 1.638 68.549 4.507 1.755 1.580 0.000 0.053
-10.714 1.634 27.146 1.694 3.744 1.525 0.000 0.053
-6.975 1.644 15.208 1.721 3.809 1.536 0.000 0.053
4.103 1.634 5.841 1.755 4.366 1.576 0.000 0.053
4.691 1.649 5.958 3.862 1.706 1.540 0.000 0.053
-19.681 1.634 45.767 1.689 3.740 1.524 0.000 0.053
-9.813 1.636 35.482 1.750 4.402 1.575 0.000 0.053
-7.714 1.626 31.257 1.672 3.658 1.512 0.000 0.052
7.590 1.636 68.671 3.787 1.691 1.527 0.000 0.052
10.505 1.627 35.670 1.746 4.401 1.570 0.000 0.052
-12.143 1.631 28.759 1.747 4.414 1.571 0.000 0.052
4.607 1.638 4.720 3.768 1.675 1.525 0.000 0.052
9.661 1.622 27.409 4.363 1.659 1.553 0.000 0.052
-10.086 1.627 34.732 1.734 4.353 1.564 0.000 0.052
-12.217 1.628 28.606 3.729 1.639 1.514 0.000 0.052
9.670 1.615 27.049 3.657 1.611 1.496 0.000 0.052
6.888 1.617 33.608 3.658 1.616 1.497 0.000 0.052
-0.277 1.636 20.603 3.791 1.682 1.528 0.000 0.052
2.504 1.641 64.649 1.711 3.789 1.532 0.000 0.052
-7.276 1.621 6.299 3.671 1.596 1.502 0.000 0.052
1.869 1.636 23.259 1.695 3.730 1.527 0.000 0.052
7.854 1.649 71.090 1.792 4.484 1.590 0.000 0.052
-9.670 1.643 34.377 1.709 3.757 1.532 0.000 0.052
-11.412 1.628 28.897 1.684 3.725 1.518 0.000 0.052
11.251 1.642 38.167 3.816 1.686 1.530 0.000 0.052
2.686 1.625 25.967 1.675 3.684 1.515 0.000 0.052
8.221 1.635 68.408 3.766 1.672 1.523 0.000 0.052
-9.535 1.633 35.763 1.685 3.703 1.522 0.000 0.052
4.689 1.630 3.404 3.731 1.649 1.515 0.000 0.052
-11.742 1.627 28.663 3.714 1.628 1.511 0.000 0.052
10.896 1.635 36.722 1.764 4.472 1.575 0.000 0.051
-6.692 1.642 15.688 4.567 1.757 1.590 0.000 0.051
4.530 1.638 5.422 3.754 1.656 1.524 0.000 0.051
-7.766 1.648 16.401 1.788 4.442 1.593 0.000 0.051
1.615 1.646 31.648 1.724 3.779 1.544 0.000 0.051
0.811 1.628 21.449 3.741 1.654 1.516 0.000 0.051
1.730 1.622 54.592 1.728 4.335 1.560 0.000 0.051
8.165 1.638 32.732 3.785 1.663 1.525 0.000 0.051
-9.474 1.629 35.449 3.727 1.635 1.515 0.000 0.051
3.579 1.634 3.433 1.687 3.710 1.522 0.000 0.051
0.245 1.627 19.885 3.758 1.665 1.517 0.000 0.051
11.357 1.632 38.058 4.448 1.710 1.568 0.000 0.051
-1.383 1.620 20.213 1.661 3.639 1.506 0.000 0.051
-3.091 1.631 2.508 4.477 1.732 1.574 0.000 0.051
6.744 1.634 35.485 1.779 4.481 1.583 0.000 0.051
2.428 1.635 30.664 4.448 1.707 1.570 0.000 0.051
-2.254 1.611 23.906 1.720 4.307 1.552 0.000 0.051
17.787 1.612 43.157 3.694 1.635 1.500 0.000 0.051
0.557 1.629 20.174 1.684 3.725 1.518 0.000 0.051
-2.836 1.609 10.818 3.691 1.634 1.502 0.000 0.051
-0.458 1.628 19.948 4.465 1.737 1.570 0.000 0.051
10.435 1.650 32.956 1.739 3.786 1.542 0.000 0.051
-6.715 1.614 20.263 1.648 3.594 1.498 0.000 0.051
-9.382 1.633 33.299 4.458 1.732 1.574 0.000 0.051
6.931 1.628 34.866 3.701 1.615 1.509 0.000 0.051
-8.867 1.619 19.941 1.723 4.313 1.557 0.000 0.051
-11.014 1.630 28.553 3.757 1.655 1.519 0.000 0.051
7.106 1.644 32.865 1.727 3.769 1.538 0.000 0.051
9.702 1.613 25.724 3.641 1.610 1.493 0.000 0.051
-1.460 1.630 1.982 4.423 1.697 1.567 0.000 0.051
2.188 1.637 64.987 1.707 3.778 1.530 0.000 0.050
10.338 1.638 23.871 1.707 3.746 1.530 0.000 0.050
-12.702 1.625 28.701 3.729 1.649 1.513 0.000 0.050
-10.238 1.623 27.443 1.666 3.657 1.510 0.000 0.050
-10.891 1.624 28.772 1.736 4.379 1.563 0.000 0.050
7.741 1.644 71.073 1.719 3.776 1.535 0.000 0.050
4.570 1.612 7.168 3.694 1.638 1.499 0.000 0.050
-2.213 1.617 20.313 4.374 1.681 1.553 0.000 0.050
-9.346 1.619 27.454 1.657 3.607 1.504 0.000 0.050
10.035 1.636 32.448 4.550 1.771 1.587 0.000 0.050
-1.689 1.621 20.326 3.699 1.628 1.506 0.000 0.050
19.339 1.647 69.915 3.859 1.702 1.538 0.000 0.050
4.846 1.624 13.005 3.687 1.606 1.505 0.000 0.050
-7.200 1.633 7.214 1.684 3.720 1.521 0.000 0.050
-2.227 1.626 19.599 1.670 3.681 1.513 0.000 0.050
6.938 1.631 34.235 4.424 1.715 1.568 0.000 0.050
9.923 1.635 26.364 3.742 1.641 1.518 0.000 0.050
-2.787 1.611 28.493 1.668 3.603 1.507 0.000 0.050
5.451 1.616 13.646 4.368 1.687 1.551 0.000 0.050
-8.800 1.615 26.504 1.655 3.606 1.501 0.000 0.050
10.530 1.631 37.806 1.754 4.439 1.573 0.000 0.050
9.840 1.640 21.773 4.558 1.769 1.591 0.000 0.050
-9.239 1.621 27.021 1.665 3.650 1.508 0.000 0.050
5.670 1.633 6.609 4.477 1.734 1.574 0.000 0.050
2.479 1.614 3.747 1.724 4.348 1.554 0.000 0.050
-9.299 1.626 31.190 4.443 1.720 1.567 0.000 0.050
-6.783 1.636 7.413 1.698 3.754 1.526 0.000 0.050
3.114 1.616 60.913 1.720 4.302 1.554 0.000 0.050
-7.326 1.622 30.881 4.404 1.692 1.559 0.000 0.050
19.758 1.643 70.353 4.560 1.765 1.587 0.000 0.050
20.982 1.633 69.020 4.491 1.752 1.575 0.000 0.050
-10.271 1.625 35.241 3.681 1.611 1.506 0.000 0.050
-0.638 1.623 21.174 3.747 1.664 1.514 0.000 0.050
10.441 1.644 68.926 4.538 1.767 1.587 0.000 0.050
7.039 1.633 32.995 3.780 1.678 1.523 0.000 0.050
-7.711 1.629 31.421 1.746 4.386 1.569 0.000 0.050
20.996 1.647 69.995 4.576 1.759 1.590 0.000 0.050
0.396 1.629 21.287 3.753 1.670 1.518 0.000 0.050
-9.417 1.628 33.641 3.720 1.641 1.513 0.000 0.050
7.408 1.645 70.498 1.794 4.515 1.590 0.000 0.050
10.007 1.633 26.827 3.738 1.633 1.517 0.000 0.050
19.253 1.646 70.238 1.800 4.517 1.591 0.000 0.050
-6.257 1.615 20.286 4.355 1.664 1.549 0.000 0.050
-1.535 1.626 21.081 4.453 1.731 1.569 0.000 0.050
4.123 1.623 26.878 4.398 1.691 1.559 0.000 0.050
9.646 1.639 24.973 1.769 4.485 1.581 0.000 0.050
2.272 1.608 7.789 4.401 1.702 1.553 0.000 0.050
2.933 1.631 64.557 4.415 1.701 1.566 0.000 0.050
16.714 1.616 41.367 1.753 4.446 1.565 0.000 0.049
-7.354 1.611 25.311 4.362 1.671 1.551 0.000 0.049
-7.266 1.615 9.270 1.649 3.615 1.500 0.000 0.049
2.614 1.623 22.716 3.708 1.630 1.508 0.000 0.049
-1.542 1.630 20.640 4.449 1.728 1.571 0.000 0.049
-8.860 1.629 19.917 3.751 1.658 1.517 0.000 0.049
-9.970 1.638 34.247 1.708 3.774 1.530 0.000 0.049
5.311 1.638 5.147 3.814 1.687 1.530 0.000 0.049
-11.715 1.632 28.550 1.749 4.428 1.573 0.000 0.049
1.619 1.629 22.617 1.745 4.398 1.569 0.000 0.049
7.083 1.646 33.318 1.798 4.481 1.592 0.000 0.049
2.439 1.626 37.046 3.703 1.630 1.510 0.000 0.049
-13.759 1.620 45.031 1.724 4.322 1.557 0.000 0.049
-1.766 1.633 2.741 1.691 3.702 1.524 0.000 0.049
20.615 1.629 68.855 3.748 1.664 1.518 0.000 0.049
-7.239 1.644 16.362 4.544 1.753 1.587 0.000 0.049
-7.639 1.624 32.867 4.429 1.708 1.562 0.000 0.049
5.049 1.641 6.040 4.539 1.767 1.585 0.000 0.049
-14.333 1.623 44.535 1.669 3.669 1.510 0.000 0.049
3.127 1.637 36.670 1.699 3.728 1.526 0.000 0.049
19.818 1.642 70.277 3.841 1.703 1.535 0.000 0.049
-5.814 1.618 21.740 1.668 3.644 1.509 0.000 0.049
7.742 1.646 71.481 1.788 4.482 1.588 0.000 0.049
-9.537 1.621 38.873 3.702 1.626 1.506 0.000 0.049
-9.992 1.621 38.880 4.391 1.688 1.557 0.000 0.049
-10.039 1.635 35.961 1.756 4.442 1.577 0.000 0.049
7.406 1.628 67.912 3.759 1.673 1.518 0.000 0.049
0.397 1.608 26.228 4.407 1.720 1.553 0.000 0.049
-10.019 1.632 27.357 3.770 1.678 1.523 0.000 0.049
6.768 1.626 34.998 4.434 1.715 1.565 0.000 0.049
-7.400 1.622 20.187 3.719 1.637 1.509 0.000 0.049
-4.789 1.631 2.450 4.481 1.735 1.575 0.000 0.049
-10.608 1.633 34.891 3.776 1.681 1.524 0.000 0.049
-8.419 1.628 32.876 3.741 1.652 1.515 0.000 0.049
-1.749 1.617 20.834 1.652 3.621 1.502 0.000 0.049
9.855 1.635 32.179 4.458 1.707 1.571 0.000 0.049
4.380 1.624 12.243 1.748 4.385 1.567 0.000 0.049
-7.180 1.614 20.247 1.650 3.613 1.499 0.000 0.049
9.670 1.620 27.452 3.670 1.596 1.500 0.000 0.049
2.215 1.633 34.508 1.690 3.761 1.523 0.000 0.049
-11.473 1.628 29.894 1.742 4.386 1.569 0.000 0.049
-12.325 1.625 28.653 4.420 1.706 1.563 0.000 0.049
-3.340 1.614 20.260 4.375 1.687 1.551 0.000 0.049
3.420 1.620 47.707 4.351 1.666 1.553 0.000 0.049
-6.715 1.619 8.764 3.676 1.609 1.501 0.000 0.049
-6.788 1.636 7.866 1.696 3.761 1.527 0.000 0.049
11.068 1.625 34.369 4.399 1.679 1.561 0.000 0.049
-14.258 1.619 44.925 1.722 4.328 1.556 0.000 0.049
1.363 1.620 22.702 3.701 1.633 1.507 0.000 0.049
-10.133 1.637 39.120 1.765 4.494 1.581 0.000 0.049
10.960 1.638 37.223 1.705 3.783 1.527 0.000 0.049
-2.664 1.631 1.893 1.757 4.427 1.575 0.000 0.049
4.065 1.630 4.711 3.793 1.682 1.525 0.000 0.049
9.299 1.636 21.380 3.824 1.698 1.532 0.000 0.049
4.244 1.607 8.207 1.651 3.674 1.499 0.000 0.048
4.898 1.641 5.650 4.550 1.759 1.586 0.000 0.048
3.476 1.643 64.296 3.822 1.680 1.532 0.000 0.048
7.370 1.647 32.751 1.733 3.778 1.539 0.000 0.048
-10.894 1.623 28.156 1.670 3.681 1.511 0.000 0.048
-8.618 1.631 33.605 4.476 1.735 1.574 0.000 0.048
-7.557 1.623 8.446 1.735 4.380 1.564 0.000 0.048
10.623 1.625 34.819 3.703 1.606 1.508 0.000 0.048
-1.698 1.627 2.470 3.736 1.650 1.515 0.000 0.048
8.482 1.657 34.488 3.884 1.720 1.548 0.000 0.048
-15.274 1.614 43.831 1.716 4.316 1.552 0.000 0.048
-11.730 1.625 28.525 1.669 3.675 1.512 0.000 0.048
-3.277 1.612 11.358 1.711 4.272 1.548 0.000 0.048
-7.668 1.614 9.122 1.712 4.278 1.550 0.000 0.048
-5.900 1.616 16.121 1.721 4.330 1.556 0.000 0.048
-1.544 1.626 20.396 4.434 1.721 1.565 0.000 0.048
1.286 1.613 55.212 1.715 4.319 1.551 0.000 0.048
1.914 1.648 30.503 1.732 3.784 1.540 0.000 0.048
-1.745 1.632 3.308 1.754 4.417 1.575 0.000 0.048
-0.843 1.616 20.241 1.655 3.634 1.503 0.000 0.048
19.274 1.645 70.373 3.849 1.700 1.536 0.000 0.048
-1.828 1.623 19.694 1.666 3.669 1.510 0.000 0.048
-2.854 1.613 11.302 1.649 3.599 1.499 0.000 0.048
-10.533 1.629 28.149 3.766 1.672 1.520 0.000 0.048
8.201 1.639 34.419 1.703 3.736 1.534 0.000 0.048
-6.692 1.613 12.781 4.341 1.652 1.546 0.000 0.048
-10.324 1.625 25.639 1.666 3.647 1.510 0.000 0.048
14.529 1.605 26.564 1.670 3.710 1.503 0.000 0.048
-8.897 1.622 38.844 3.725 1.646 1.510 0.000 0.048
-8.763 1.610 26.935 1.716 4.249 1.549 0.000 0.048
-10.109 1.620 33.313 3.702 1.632 1.507 0.000 0.048
-3.706 1.613 11.395 1.649 3.574 1.497 0.000 0.048
3.118 1.623 5.235 3.802 1.696 1.526 0.000 0.048
-1.442 1.609 10.892 3.725 1.638 1.506 0.000 0.048
-4.782 1.619 3.680 1.670 3.648 1.510 0.000 0.048
11.470 1.617 21.785 1.662 3.633 1.506 0.000 0.048
-8.845 1.626 18.735 1.744 4.392 1.567 0.000 0.048
9.025 1.634 21.165 4.499 1.742 1.576 0.000 0.048
7.131 1.636 36.414 1.775 4.478 1.584 0.000 0.048
19.286 1.646 71.082 1.793 4.496 1.589 0.000 0.048
7.822 1.632 67.595 1.753 4.420 1.573 0.000 0.048
3.028 1.636 62.596 1.769 4.473 1.578 0.000 0.048
-10.287 1.623 35.653 3.682 1.611 1.505 0.000 0.048
2.829 1.644 64.458 1.713 3.767 1.534 0.000 0.048
10.673 1.634 23.119 1.762 4.397 1.576 0.000 0.048
8.940 1.626 26.108 4.389 1.685 1.560 0.000 0.048
-11.800 1.626 29.795 1.668 3.649 1.512 0.000 0.048
-7.392 1.620 6.593 3.681 1.606 1.502 0.000 0.048
-8.262 1.634 17.596 1.761 4.419 1.578 0.000 0.048
-8.872 1.623 20.162 3.725 1.644 1.511 0.000 0.048
1.896 1.614 37.642 1.716 4.307 1.551 0.000 0.048
3.051 1.637 37.921 1.694 3.719 1.527 0.000 0.048
-3.180 1.630 1.927 1.755 4.421 1.573 0.000 0.048
-2.647 1.609 23.916 1.720 4.297 1.550 0.000 0.048
3.133 1.626 66.431 4.414 1.694 1.563 0.000 0.047
9.734 1.641 33.707 4.548 1.742 1.587 0.000 0.047
-8.554 1.628 33.250 4.464 1.729 1.569 0.000 0.047
-6.393 1.631 8.161 1.689 3.737 1.521 0.000 0.047
10.961 1.621 33.622 4.358 1.681 1.554 0.000 0.047
2.992 1.634 62.125 1.701 3.775 1.525 0.000 0.047
-2.095 1.626 20.613 4.434 1.717 1.566 0.000 0.047
3.426 1.610 13.768 1.656 3.659 1.500 0.000 0.047
15.209 1.615 55.977 1.714 4.280 1.551 0.000 0.047
1.323 1.632 30.644 1.770 4.461 1.579 0.000 0.047
-9.367 1.619 20.477 1.657 3.626 1.505 0.000 0.047
-7.237 1.631 7.834 1.750 4.437 1.574 0.000 0.047
-9.101 1.621 32.781 4.400 1.702 1.560 0.000 0.047
9.664 1.652 34.133 4.588 1.781 1.595 0.000 0.047
10.115 1.616 26.143 4.334 1.669 1.548 0.000 0.047
-8.277 1.610 27.264 1.711 4.251 1.547 0.000 0.047
4.041 1.629 2.951 1.745 4.382 1.568 0.000 0.047
-1.788 1.622 21.249 1.666 3.651 1.510 0.000 0.047
3.119 1.612 7.890 3.712 1.643 1.506 0.000 0.047
3.753 1.618 13.266 4.410 1.715 1.559 0.000 0.047
-12.119 1.630 28.298 3.750 1.666 1.519 0.000 0.047
-10.491 1.623 35.905 1.676 3.705 1.513 0.000 0.047
-8.698 1.623 33.253 3.735 1.652 1.511 0.000 0.047
0.837 1.630 22.194 1.694 3.718 1.523 0.000 0.047
2.728 1.637 64.182 3.795 1.675 1.527 0.000 0.047
4.106 1.623 3.257 4.367 1.683 1.557 0.000 0.047
-3.290 1.616 11.817 1.649 3.608 1.500 0.000 0.047
4.624 1.627 53.914 4.422 1.706 1.564 0.000 0.047
9.260 1.614 26.220 3.640 1.607 1.493 0.000 0.047
-4.267 1.609 24.637 1.677 3.768 1.513 0.000 0.047
2.755 1.632 62.681 1.694 3.766 1.523 0.000 0.047
9.578 1.636 21.016 3.809 1.676 1.527 0.000 0.047
-6.352 1.617 30.846 4.380 1.682 1.554 0.000 0.047
-0.592 1.627 20.402 4.469 1.748 1.570 0.000 0.047
3.718 1.649 70.056 4.591 1.760 1.592 0.000 0.047
-9.895 1.623 35.491 4.369 1.675 1.555 0.000 0.047
-5.300 1.621 12.751 4.432 1.723 1.564 0.000 0.047
2.229 1.624 37.301 3.753 1.663 1.515 0.000 0.047
0.623 1.631 20.732 3.730 1.655 1.517 0.000 0.047
-7.600 1.621 8.680 1.664 3.680 1.509 0.000 0.047
-10.633 1.631 26.634 3.768 1.682 1.523 0.000 0.047
-5.906 1.621 12.752 3.724 1.652 1.509 0.000 0.047
2.287 1.631 32.425 3.854 1.710 1.533 0.000 0.047
-10.687 1.633 27.810 3.778 1.685 1.525 0.000 0.047
20.398 1.645 70.383 3.858 1.706 1.538 0.000 0.047
-1.270 1.608 25.200 1.652 3.670 1.499 0.000 0.047
8.704 1.634 21.655 3.811 1.688 1.530 0.000 0.047
8.878 1.626 26.461 4.421 1.703 1.564 0.000 0.046
-9.411 1.629 33.276 3.730 1.653 1.516 0.000 0.046
-0.271 1.614 20.268 1.654 3.640 1.501 0.000 0.046
1.650 1.622 31.869 4.370 1.658 1.554 0.000 0.046
-14.734 1.617 44.953 1.723 4.343 1.556 0.000 0.046
-8.882 1.622 32.842 3.710 1.640 1.508 0.000 0.046
2.815 1.619 26.788 4.403 1.709 1.558 0.000 0.046
4.867 1.611 14.599 1.724 4.350 1.553 0.000 0.046
-5.921 1.617 8.371 1.725 4.334 1.556 0.000 0.046
6.831 1.628 33.976 4.426 1.710 1.565 0.000 0.046
-9.466 1.632 36.348 1.765 4.493 1.576 0.000 0.046
4.360 1.629 4.471 1.760 4.437 1.572 0.000 0.046
-6.748 1.628 9.685 1.684 3.718 1.519 0.000 0.046
2.457 1.637 33.293 1.699 3.728 1.527 0.000 0.046
3.666 1.628 27.044 3.742 1.653 1.517 0.000 0.046
2.682 1.634 24.850 1.702 3.801 1.527 0.000 0.046
2.518 1.637 23.950 1.766 4.458 1.579 0.000 0.046
-9.260 1.621 35.504 4.391 1.690 1.558 0.000 0.046
-1.789 1.611 25.060 1.656 3.626 1.501 0.000 0.046
-9.488 1.628 34.953 3.724 1.639 1.512 0.000 0.046
5.163 1.613 65.254 1.718 4.334 1.553 0.000 0.046
5.810 1.617 6.950 1.655 3.625 1.503 0.000 0.046
2.204 1.616 55.136 1.720 4.331 1.555 0.000 0.046
-6.097 1.629 15.182 1.752 4.416 1.571 0.000 0.046
-7.322 1.621 5.478 1.723 4.324 1.559 0.000 0.046
-13.320 1.622 45.027 1.666 3.670 1.509 0.000 0.046
4.129 1.628 6.768 1.749 4.384 1.571 0.000 0.046
2.129 1.633 23.441 1.692 3.755 1.524 0.000 0.046
-11.079 1.619 25.385 1.660 3.657 1.505 0.000 0.046
-10.145 1.633 39.272 1.687 3.735 1.523 0.000 0.046
-12.784 1.620 48.517 1.729 4.362 1.560 0.000 0.046
7.029 1.631 35.437 3.788 1.680 1.524 0.000 0.046
4.532 1.624 6.581 3.732 1.655 1.513 0.000 0.046
-10.101 1.629 34.803 3.785 1.684 1.524 0.000 0.046
2.362 1.635 24.857 1.696 3.781 1.528 0.000 0.046
-11.538 1.634 29.825 1.691 3.723 1.524 0.000 0.046
2.584 1.634 30.164 4.449 1.706 1.570 0.000 0.046
-14.801 1.619 43.894 1.661 3.666 1.506 0.000 0.046
9.019 1.652 27.580 4.628 1.767 1.606 0.000 0.046
-1.768 1.622 21.737 1.667 3.658 1.510 0.000 0.046
-10.162 1.623 33.729 4.421 1.714 1.563 0.000 0.046
-1.082 1.626 20.406 3.761 1.677 1.517 0.000 0.046
-2.032 1.605 25.685 3.708 1.654 1.501 0.000 0.046
-2.237 1.619 19.879 4.390 1.692 1.556 0.000 0.046
-15.700 1.620 44.331 4.402 1.704 1.559 0.000 0.046
2.642 1.612 3.271 4.374 1.687 1.550 0.000 0.046
2.291 1.623 26.557 1.668 3.684 1.511 0.000 0.046
14.787 1.617 56.006 1.717 4.299 1.554 0.000 0.046
15.650 1.612 55.311 1.647 3.588 1.498 0.000 0.046
-6.313 1.613 22.573 1.652 3.602 1.499 0.000 0.046
18.978 1.640 70.534 1.794 4.519 1.588 0.000 0.046
-9.800 1.622 27.772 3.723 1.650 1.510 0.000 0.046
-14.005 1.621 44.748 4.414 1.710 1.560 0.000 0.046
-10.622 1.624 35.274 3.732 1.658 1.513 0.000 0.046
5.543 1.638 5.601 3.816 1.693 1.531 0.000 0.046
4.602 1.619 65.583 1.725 4.335 1.558 0.000 0.046
6.923 1.624 67.883 1.671 3.699 1.513 0.000 0.046
-9.302 1.621 36.011 3.711 1.632 1.508 0.000 0.046
2.561 1.626 49.118 1.748 4.409 1.569 0.000 0.046
3.555 1.631 6.102 1.695 3.753 1.524 0.000 0.046
-6.267 1.615 12.794 3.674 1.611 1.499 0.000 0.046
9.249 1.627 27.003 3.745 1.656 1.516 0.000 0.046
2.082 1.644 29.894 1.787 4.496 1.588 0.000 0.046
-15.673 1.627 44.678 3.754 1.672 1.518 0.000 0.046
-10.779 1.617 35.682 4.379 1.687 1.553 0.000 0.046
4.221 1.616 4.892 4.359 1.682 1.552 0.000 0.046
2.514 1.626 49.274 1.682 3.713 1.517 0.000 0.046
-1.137 1.622 19.896 3.730 1.651 1.511 0.000 0.045
2.642 1.630 26.680 1.756 4.461 1.574 0.000 0.045
-3.207 1.609 24.613 1.658 3.656 1.501 0.000 0.045
8.941 1.625 25.517 4.407 1.688 1.561 0.000 0.045
10.097 1.623 32.445 3.676 1.615 1.504 0.000 0.045
-9.381 1.627 25.749 3.759 1.662 1.518 0.000 0.045
-11.195 1.621 28.277 3.718 1.648 1.509 0.000 0.045
-2.678 1.616 20.136 1.724 4.353 1.556 0.000 0.045
-8.283 1.629 33.175 3.761 1.667 1.518 0.000 0.045
-10.603 1.630 39.269 1.753 4.449 1.573 0.000 0.045
2.403 1.617 22.227 4.381 1.691 1.554 0.000 0.045
5.020 1.637 14.126 1.704 3.723 1.531 0.000 0.045
-11.193 1.630 26.709 1.688 3.737 1.521 0.000 0.045
-5.350 1.616 21.771 1.729 4.329 1.559 0.000 0.045
10.090 1.626 27.383 3.713 1.622 1.510 0.000 0.045
-13.709 1.631 47.940 1.690 3.759 1.523 0.000 0.045
9.195 1.633 25.406 1.705 3.787 1.527 0.000 0.045
-2.138 1.637 2.503 1.767 4.444 1.582 0.000 0.045
3.466 1.638 64.077 3.823 1.694 1.530 0.000 0.045
15.553 1.643 70.343 4.566 1.762 1.587 0.000 0.045
9.694 1.616 26.545 4.336 1.675 1.547 0.000 0.045
11.433 1.633 37.571 3.772 1.666 1.521 0.000 0.045
0.208 1.633 20.705 3.792 1.696 1.526 0.000 0.045
10.822 1.632 32.575 3.759 1.651 1.518 0.000 0.045
-10.346 1.620 36.015 4.377 1.675 1.555 0.000 0.045
7.662 1.627 68.236 3.739 1.665 1.517 0.000 0.045
7.393 1.645 70.987 1.792 4.515 1.589 0.000 0.045
-6.016 1.622 12.931 1.673 3.682 1.511 0.000 0.045
-9.071 1.617 31.217 3.701 1.637 1.504 0.000 0.045
-6.451 1.622 6.375 1.676 3.706 1.512 0.000 0.045
4.050 1.620 27.193 4.381 1.689 1.556 0.000 0.045
-8.185 1.629 31.988 1.688 3.710 1.519 0.000 0.045
2.367 1.631 62.146 1.686 3.758 1.523 0.000 0.045
10.494 1.625 36.523 1.681 3.737 1.516 0.000 0.045
0.601 1.615 31.629 1.729 4.350 1.556 0.000 0.045
-11.148 1.613 35.160 1.719 4.329 1.552 0.000 0.045
2.921 1.621 47.677 4.372 1.683 1.556 0.000 0.045
-3.777 1.609 23.466 1.731 4.383 1.558 0.000 0.045
-10.760 1.621 38.851 4.417 1.710 1.560 0.000 0.045
-9.795 1.630 39.782 1.688 3.732 1.521 0.000 0.045
-0.227 1.608 25.719 3.691 1.642 1.498 0.000 0.045
-7.124 1.642 16.449 3.831 1.694 1.534 0.000 0.045
-9.524 1.633 39.789 3.764 1.677 1.523 0.000 0.045
-9.826 1.624 27.886 1.740 4.387 1.566 0.000 0.045
3.909 1.619 12.842 4.417 1.712 1.559 0.000 0.045
-3.747 1.609 24.099 1.664 3.695 1.504 0.000 0.045
-7.229 1.617 23.470 1.649 3.596 1.501 0.000 0.045
2.447 1.620 48.110 1.732 4.392 1.561 0.000 0.045
-8.301 1.628 18.486 1.754 4.416 1.572 0.000 0.045
-2.579 1.608 5.144 3.695 1.636 1.501 0.000 0.045
-3.817 1.614 20.287 3.707 1.643 1.504 0.000 0.045
-9.177 1.626 39.210 3.748 1.670 1.517 0.000 0.045
2.035 1.623 21.790 1.731 4.372 1.562 0.000 0.045
2.869 1.608 8.287 1.657 3.660 1.501 0.000 0.045
-6.275 1.619 22.268 1.731 4.344 1.559 0.000 0.045